Task ID,Job ID,Arrival min,Arrival max,Cost min,Cost max,Deadline,Priority
0,0,0,100,7750,19375,250000,250000
0,1,250000,250100,7750,19375,500000,500000
0,2,500000,500100,7750,19375,750000,750000
0,3,750000,750100,7750,19375,1000000,1000000
0,4,1000000,1000100,7750,19375,1250000,1250000
0,5,1250000,1250100,7750,19375,1500000,1500000
0,6,1500000,1500100,7750,19375,1750000,1750000
0,7,1750000,1750100,7750,19375,2000000,2000000
0,8,2000000,2000100,7750,19375,2250000,2250000
0,9,2250000,2250100,7750,19375,2500000,2500000
0,10,2500000,2500100,7750,19375,2750000,2750000
0,11,2750000,2750100,7750,19375,3000000,3000000
0,12,3000000,3000100,7750,19375,3250000,3250000
0,13,3250000,3250100,7750,19375,3500000,3500000
0,14,3500000,3500100,7750,19375,3750000,3750000
0,15,3750000,3750100,7750,19375,4000000,4000000
0,16,4000000,4000100,7750,19375,4250000,4250000
0,17,4250000,4250100,7750,19375,4500000,4500000
0,18,4500000,4500100,7750,19375,4750000,4750000
0,19,4750000,4750100,7750,19375,5000000,5000000
0,20,5000000,5000100,7750,19375,5250000,5250000
0,21,5250000,5250100,7750,19375,5500000,5500000
0,22,5500000,5500100,7750,19375,5750000,5750000
0,23,5750000,5750100,7750,19375,6000000,6000000
0,24,6000000,6000100,7750,19375,6250000,6250000
0,25,6250000,6250100,7750,19375,6500000,6500000
0,26,6500000,6500100,7750,19375,6750000,6750000
0,27,6750000,6750100,7750,19375,7000000,7000000
0,28,7000000,7000100,7750,19375,7250000,7250000
0,29,7250000,7250100,7750,19375,7500000,7500000
0,30,7500000,7500100,7750,19375,7750000,7750000
0,31,7750000,7750100,7750,19375,8000000,8000000
0,32,8000000,8000100,7750,19375,8250000,8250000
0,33,8250000,8250100,7750,19375,8500000,8500000
0,34,8500000,8500100,7750,19375,8750000,8750000
0,35,8750000,8750100,7750,19375,9000000,9000000
0,36,9000000,9000100,7750,19375,9250000,9250000
0,37,9250000,9250100,7750,19375,9500000,9500000
0,38,9500000,9500100,7750,19375,9750000,9750000
0,39,9750000,9750100,7750,19375,10000000,10000000
0,40,10000000,10000100,7750,19375,10250000,10250000
0,41,10250000,10250100,7750,19375,10500000,10500000
0,42,10500000,10500100,7750,19375,10750000,10750000
0,43,10750000,10750100,7750,19375,11000000,11000000
0,44,11000000,11000100,7750,19375,11250000,11250000
0,45,11250000,11250100,7750,19375,11500000,11500000
0,46,11500000,11500100,7750,19375,11750000,11750000
0,47,11750000,11750100,7750,19375,12000000,12000000
0,48,12000000,12000100,7750,19375,12250000,12250000
0,49,12250000,12250100,7750,19375,12500000,12500000
0,50,12500000,12500100,7750,19375,12750000,12750000
0,51,12750000,12750100,7750,19375,13000000,13000000
0,52,13000000,13000100,7750,19375,13250000,13250000
0,53,13250000,13250100,7750,19375,13500000,13500000
0,54,13500000,13500100,7750,19375,13750000,13750000
0,55,13750000,13750100,7750,19375,14000000,14000000
0,56,14000000,14000100,7750,19375,14250000,14250000
0,57,14250000,14250100,7750,19375,14500000,14500000
0,58,14500000,14500100,7750,19375,14750000,14750000
0,59,14750000,14750100,7750,19375,15000000,15000000
0,60,15000000,15000100,7750,19375,15250000,15250000
0,61,15250000,15250100,7750,19375,15500000,15500000
0,62,15500000,15500100,7750,19375,15750000,15750000
0,63,15750000,15750100,7750,19375,16000000,16000000
0,64,16000000,16000100,7750,19375,16250000,16250000
0,65,16250000,16250100,7750,19375,16500000,16500000
0,66,16500000,16500100,7750,19375,16750000,16750000
0,67,16750000,16750100,7750,19375,17000000,17000000
0,68,17000000,17000100,7750,19375,17250000,17250000
0,69,17250000,17250100,7750,19375,17500000,17500000
0,70,17500000,17500100,7750,19375,17750000,17750000
0,71,17750000,17750100,7750,19375,18000000,18000000
0,72,18000000,18000100,7750,19375,18250000,18250000
0,73,18250000,18250100,7750,19375,18500000,18500000
0,74,18500000,18500100,7750,19375,18750000,18750000
0,75,18750000,18750100,7750,19375,19000000,19000000
0,76,19000000,19000100,7750,19375,19250000,19250000
0,77,19250000,19250100,7750,19375,19500000,19500000
0,78,19500000,19500100,7750,19375,19750000,19750000
0,79,19750000,19750100,7750,19375,20000000,20000000
0,80,20000000,20000100,7750,19375,20250000,20250000
0,81,20250000,20250100,7750,19375,20500000,20500000
0,82,20500000,20500100,7750,19375,20750000,20750000
0,83,20750000,20750100,7750,19375,21000000,21000000
0,84,21000000,21000100,7750,19375,21250000,21250000
0,85,21250000,21250100,7750,19375,21500000,21500000
0,86,21500000,21500100,7750,19375,21750000,21750000
0,87,21750000,21750100,7750,19375,22000000,22000000
0,88,22000000,22000100,7750,19375,22250000,22250000
0,89,22250000,22250100,7750,19375,22500000,22500000
0,90,22500000,22500100,7750,19375,22750000,22750000
0,91,22750000,22750100,7750,19375,23000000,23000000
0,92,23000000,23000100,7750,19375,23250000,23250000
0,93,23250000,23250100,7750,19375,23500000,23500000
0,94,23500000,23500100,7750,19375,23750000,23750000
0,95,23750000,23750100,7750,19375,24000000,24000000
0,96,24000000,24000100,7750,19375,24250000,24250000
0,97,24250000,24250100,7750,19375,24500000,24500000
0,98,24500000,24500100,7750,19375,24750000,24750000
0,99,24750000,24750100,7750,19375,25000000,25000000
0,100,25000000,25000100,7750,19375,25250000,25250000
0,101,25250000,25250100,7750,19375,25500000,25500000
0,102,25500000,25500100,7750,19375,25750000,25750000
0,103,25750000,25750100,7750,19375,26000000,26000000
0,104,26000000,26000100,7750,19375,26250000,26250000
0,105,26250000,26250100,7750,19375,26500000,26500000
0,106,26500000,26500100,7750,19375,26750000,26750000
0,107,26750000,26750100,7750,19375,27000000,27000000
0,108,27000000,27000100,7750,19375,27250000,27250000
0,109,27250000,27250100,7750,19375,27500000,27500000
0,110,27500000,27500100,7750,19375,27750000,27750000
0,111,27750000,27750100,7750,19375,28000000,28000000
0,112,28000000,28000100,7750,19375,28250000,28250000
0,113,28250000,28250100,7750,19375,28500000,28500000
0,114,28500000,28500100,7750,19375,28750000,28750000
0,115,28750000,28750100,7750,19375,29000000,29000000
0,116,29000000,29000100,7750,19375,29250000,29250000
0,117,29250000,29250100,7750,19375,29500000,29500000
0,118,29500000,29500100,7750,19375,29750000,29750000
0,119,29750000,29750100,7750,19375,30000000,30000000
0,120,30000000,30000100,7750,19375,30250000,30250000
0,121,30250000,30250100,7750,19375,30500000,30500000
0,122,30500000,30500100,7750,19375,30750000,30750000
0,123,30750000,30750100,7750,19375,31000000,31000000
0,124,31000000,31000100,7750,19375,31250000,31250000
0,125,31250000,31250100,7750,19375,31500000,31500000
0,126,31500000,31500100,7750,19375,31750000,31750000
0,127,31750000,31750100,7750,19375,32000000,32000000
0,128,32000000,32000100,7750,19375,32250000,32250000
0,129,32250000,32250100,7750,19375,32500000,32500000
0,130,32500000,32500100,7750,19375,32750000,32750000
0,131,32750000,32750100,7750,19375,33000000,33000000
0,132,33000000,33000100,7750,19375,33250000,33250000
0,133,33250000,33250100,7750,19375,33500000,33500000
0,134,33500000,33500100,7750,19375,33750000,33750000
0,135,33750000,33750100,7750,19375,34000000,34000000
0,136,34000000,34000100,7750,19375,34250000,34250000
0,137,34250000,34250100,7750,19375,34500000,34500000
0,138,34500000,34500100,7750,19375,34750000,34750000
0,139,34750000,34750100,7750,19375,35000000,35000000
0,140,35000000,35000100,7750,19375,35250000,35250000
0,141,35250000,35250100,7750,19375,35500000,35500000
0,142,35500000,35500100,7750,19375,35750000,35750000
0,143,35750000,35750100,7750,19375,36000000,36000000
0,144,36000000,36000100,7750,19375,36250000,36250000
0,145,36250000,36250100,7750,19375,36500000,36500000
0,146,36500000,36500100,7750,19375,36750000,36750000
0,147,36750000,36750100,7750,19375,37000000,37000000
0,148,37000000,37000100,7750,19375,37250000,37250000
0,149,37250000,37250100,7750,19375,37500000,37500000
0,150,37500000,37500100,7750,19375,37750000,37750000
0,151,37750000,37750100,7750,19375,38000000,38000000
0,152,38000000,38000100,7750,19375,38250000,38250000
0,153,38250000,38250100,7750,19375,38500000,38500000
0,154,38500000,38500100,7750,19375,38750000,38750000
0,155,38750000,38750100,7750,19375,39000000,39000000
0,156,39000000,39000100,7750,19375,39250000,39250000
0,157,39250000,39250100,7750,19375,39500000,39500000
0,158,39500000,39500100,7750,19375,39750000,39750000
0,159,39750000,39750100,7750,19375,40000000,40000000
0,160,40000000,40000100,7750,19375,40250000,40250000
0,161,40250000,40250100,7750,19375,40500000,40500000
0,162,40500000,40500100,7750,19375,40750000,40750000
0,163,40750000,40750100,7750,19375,41000000,41000000
0,164,41000000,41000100,7750,19375,41250000,41250000
0,165,41250000,41250100,7750,19375,41500000,41500000
0,166,41500000,41500100,7750,19375,41750000,41750000
0,167,41750000,41750100,7750,19375,42000000,42000000
0,168,42000000,42000100,7750,19375,42250000,42250000
0,169,42250000,42250100,7750,19375,42500000,42500000
0,170,42500000,42500100,7750,19375,42750000,42750000
0,171,42750000,42750100,7750,19375,43000000,43000000
0,172,43000000,43000100,7750,19375,43250000,43250000
0,173,43250000,43250100,7750,19375,43500000,43500000
0,174,43500000,43500100,7750,19375,43750000,43750000
0,175,43750000,43750100,7750,19375,44000000,44000000
0,176,44000000,44000100,7750,19375,44250000,44250000
0,177,44250000,44250100,7750,19375,44500000,44500000
0,178,44500000,44500100,7750,19375,44750000,44750000
0,179,44750000,44750100,7750,19375,45000000,45000000
0,180,45000000,45000100,7750,19375,45250000,45250000
0,181,45250000,45250100,7750,19375,45500000,45500000
0,182,45500000,45500100,7750,19375,45750000,45750000
0,183,45750000,45750100,7750,19375,46000000,46000000
0,184,46000000,46000100,7750,19375,46250000,46250000
0,185,46250000,46250100,7750,19375,46500000,46500000
0,186,46500000,46500100,7750,19375,46750000,46750000
0,187,46750000,46750100,7750,19375,47000000,47000000
0,188,47000000,47000100,7750,19375,47250000,47250000
0,189,47250000,47250100,7750,19375,47500000,47500000
0,190,47500000,47500100,7750,19375,47750000,47750000
0,191,47750000,47750100,7750,19375,48000000,48000000
0,192,48000000,48000100,7750,19375,48250000,48250000
0,193,48250000,48250100,7750,19375,48500000,48500000
0,194,48500000,48500100,7750,19375,48750000,48750000
0,195,48750000,48750100,7750,19375,49000000,49000000
0,196,49000000,49000100,7750,19375,49250000,49250000
0,197,49250000,49250100,7750,19375,49500000,49500000
0,198,49500000,49500100,7750,19375,49750000,49750000
0,199,49750000,49750100,7750,19375,50000000,50000000
0,200,50000000,50000100,7750,19375,50250000,50250000
0,201,50250000,50250100,7750,19375,50500000,50500000
0,202,50500000,50500100,7750,19375,50750000,50750000
0,203,50750000,50750100,7750,19375,51000000,51000000
0,204,51000000,51000100,7750,19375,51250000,51250000
0,205,51250000,51250100,7750,19375,51500000,51500000
0,206,51500000,51500100,7750,19375,51750000,51750000
0,207,51750000,51750100,7750,19375,52000000,52000000
0,208,52000000,52000100,7750,19375,52250000,52250000
0,209,52250000,52250100,7750,19375,52500000,52500000
0,210,52500000,52500100,7750,19375,52750000,52750000
0,211,52750000,52750100,7750,19375,53000000,53000000
0,212,53000000,53000100,7750,19375,53250000,53250000
0,213,53250000,53250100,7750,19375,53500000,53500000
0,214,53500000,53500100,7750,19375,53750000,53750000
0,215,53750000,53750100,7750,19375,54000000,54000000
0,216,54000000,54000100,7750,19375,54250000,54250000
0,217,54250000,54250100,7750,19375,54500000,54500000
0,218,54500000,54500100,7750,19375,54750000,54750000
0,219,54750000,54750100,7750,19375,55000000,55000000
0,220,55000000,55000100,7750,19375,55250000,55250000
0,221,55250000,55250100,7750,19375,55500000,55500000
0,222,55500000,55500100,7750,19375,55750000,55750000
0,223,55750000,55750100,7750,19375,56000000,56000000
0,224,56000000,56000100,7750,19375,56250000,56250000
0,225,56250000,56250100,7750,19375,56500000,56500000
0,226,56500000,56500100,7750,19375,56750000,56750000
0,227,56750000,56750100,7750,19375,57000000,57000000
0,228,57000000,57000100,7750,19375,57250000,57250000
0,229,57250000,57250100,7750,19375,57500000,57500000
0,230,57500000,57500100,7750,19375,57750000,57750000
0,231,57750000,57750100,7750,19375,58000000,58000000
0,232,58000000,58000100,7750,19375,58250000,58250000
0,233,58250000,58250100,7750,19375,58500000,58500000
0,234,58500000,58500100,7750,19375,58750000,58750000
0,235,58750000,58750100,7750,19375,59000000,59000000
0,236,59000000,59000100,7750,19375,59250000,59250000
0,237,59250000,59250100,7750,19375,59500000,59500000
0,238,59500000,59500100,7750,19375,59750000,59750000
0,239,59750000,59750100,7750,19375,60000000,60000000
0,240,60000000,60000100,7750,19375,60250000,60250000
0,241,60250000,60250100,7750,19375,60500000,60500000
0,242,60500000,60500100,7750,19375,60750000,60750000
0,243,60750000,60750100,7750,19375,61000000,61000000
0,244,61000000,61000100,7750,19375,61250000,61250000
0,245,61250000,61250100,7750,19375,61500000,61500000
0,246,61500000,61500100,7750,19375,61750000,61750000
0,247,61750000,61750100,7750,19375,62000000,62000000
0,248,62000000,62000100,7750,19375,62250000,62250000
0,249,62250000,62250100,7750,19375,62500000,62500000
0,250,62500000,62500100,7750,19375,62750000,62750000
0,251,62750000,62750100,7750,19375,63000000,63000000
0,252,63000000,63000100,7750,19375,63250000,63250000
0,253,63250000,63250100,7750,19375,63500000,63500000
0,254,63500000,63500100,7750,19375,63750000,63750000
0,255,63750000,63750100,7750,19375,64000000,64000000
0,256,64000000,64000100,7750,19375,64250000,64250000
0,257,64250000,64250100,7750,19375,64500000,64500000
0,258,64500000,64500100,7750,19375,64750000,64750000
0,259,64750000,64750100,7750,19375,65000000,65000000
0,260,65000000,65000100,7750,19375,65250000,65250000
0,261,65250000,65250100,7750,19375,65500000,65500000
0,262,65500000,65500100,7750,19375,65750000,65750000
0,263,65750000,65750100,7750,19375,66000000,66000000
0,264,66000000,66000100,7750,19375,66250000,66250000
0,265,66250000,66250100,7750,19375,66500000,66500000
0,266,66500000,66500100,7750,19375,66750000,66750000
0,267,66750000,66750100,7750,19375,67000000,67000000
0,268,67000000,67000100,7750,19375,67250000,67250000
0,269,67250000,67250100,7750,19375,67500000,67500000
0,270,67500000,67500100,7750,19375,67750000,67750000
0,271,67750000,67750100,7750,19375,68000000,68000000
0,272,68000000,68000100,7750,19375,68250000,68250000
0,273,68250000,68250100,7750,19375,68500000,68500000
0,274,68500000,68500100,7750,19375,68750000,68750000
0,275,68750000,68750100,7750,19375,69000000,69000000
0,276,69000000,69000100,7750,19375,69250000,69250000
0,277,69250000,69250100,7750,19375,69500000,69500000
0,278,69500000,69500100,7750,19375,69750000,69750000
0,279,69750000,69750100,7750,19375,70000000,70000000
0,280,70000000,70000100,7750,19375,70250000,70250000
0,281,70250000,70250100,7750,19375,70500000,70500000
0,282,70500000,70500100,7750,19375,70750000,70750000
0,283,70750000,70750100,7750,19375,71000000,71000000
0,284,71000000,71000100,7750,19375,71250000,71250000
0,285,71250000,71250100,7750,19375,71500000,71500000
0,286,71500000,71500100,7750,19375,71750000,71750000
0,287,71750000,71750100,7750,19375,72000000,72000000
0,288,72000000,72000100,7750,19375,72250000,72250000
0,289,72250000,72250100,7750,19375,72500000,72500000
0,290,72500000,72500100,7750,19375,72750000,72750000
0,291,72750000,72750100,7750,19375,73000000,73000000
0,292,73000000,73000100,7750,19375,73250000,73250000
0,293,73250000,73250100,7750,19375,73500000,73500000
0,294,73500000,73500100,7750,19375,73750000,73750000
0,295,73750000,73750100,7750,19375,74000000,74000000
0,296,74000000,74000100,7750,19375,74250000,74250000
0,297,74250000,74250100,7750,19375,74500000,74500000
0,298,74500000,74500100,7750,19375,74750000,74750000
0,299,74750000,74750100,7750,19375,75000000,75000000
0,300,75000000,75000100,7750,19375,75250000,75250000
0,301,75250000,75250100,7750,19375,75500000,75500000
0,302,75500000,75500100,7750,19375,75750000,75750000
0,303,75750000,75750100,7750,19375,76000000,76000000
0,304,76000000,76000100,7750,19375,76250000,76250000
0,305,76250000,76250100,7750,19375,76500000,76500000
0,306,76500000,76500100,7750,19375,76750000,76750000
0,307,76750000,76750100,7750,19375,77000000,77000000
0,308,77000000,77000100,7750,19375,77250000,77250000
0,309,77250000,77250100,7750,19375,77500000,77500000
0,310,77500000,77500100,7750,19375,77750000,77750000
0,311,77750000,77750100,7750,19375,78000000,78000000
0,312,78000000,78000100,7750,19375,78250000,78250000
0,313,78250000,78250100,7750,19375,78500000,78500000
0,314,78500000,78500100,7750,19375,78750000,78750000
0,315,78750000,78750100,7750,19375,79000000,79000000
0,316,79000000,79000100,7750,19375,79250000,79250000
0,317,79250000,79250100,7750,19375,79500000,79500000
0,318,79500000,79500100,7750,19375,79750000,79750000
0,319,79750000,79750100,7750,19375,80000000,80000000
0,320,80000000,80000100,7750,19375,80250000,80250000
0,321,80250000,80250100,7750,19375,80500000,80500000
0,322,80500000,80500100,7750,19375,80750000,80750000
0,323,80750000,80750100,7750,19375,81000000,81000000
0,324,81000000,81000100,7750,19375,81250000,81250000
0,325,81250000,81250100,7750,19375,81500000,81500000
0,326,81500000,81500100,7750,19375,81750000,81750000
0,327,81750000,81750100,7750,19375,82000000,82000000
0,328,82000000,82000100,7750,19375,82250000,82250000
0,329,82250000,82250100,7750,19375,82500000,82500000
0,330,82500000,82500100,7750,19375,82750000,82750000
0,331,82750000,82750100,7750,19375,83000000,83000000
0,332,83000000,83000100,7750,19375,83250000,83250000
0,333,83250000,83250100,7750,19375,83500000,83500000
0,334,83500000,83500100,7750,19375,83750000,83750000
0,335,83750000,83750100,7750,19375,84000000,84000000
1,0,0,100,73164,182910,250000,250000
1,1,250000,250100,73164,182910,500000,500000
1,2,500000,500100,73164,182910,750000,750000
1,3,750000,750100,73164,182910,1000000,1000000
1,4,1000000,1000100,73164,182910,1250000,1250000
1,5,1250000,1250100,73164,182910,1500000,1500000
1,6,1500000,1500100,73164,182910,1750000,1750000
1,7,1750000,1750100,73164,182910,2000000,2000000
1,8,2000000,2000100,73164,182910,2250000,2250000
1,9,2250000,2250100,73164,182910,2500000,2500000
1,10,2500000,2500100,73164,182910,2750000,2750000
1,11,2750000,2750100,73164,182910,3000000,3000000
1,12,3000000,3000100,73164,182910,3250000,3250000
1,13,3250000,3250100,73164,182910,3500000,3500000
1,14,3500000,3500100,73164,182910,3750000,3750000
1,15,3750000,3750100,73164,182910,4000000,4000000
1,16,4000000,4000100,73164,182910,4250000,4250000
1,17,4250000,4250100,73164,182910,4500000,4500000
1,18,4500000,4500100,73164,182910,4750000,4750000
1,19,4750000,4750100,73164,182910,5000000,5000000
1,20,5000000,5000100,73164,182910,5250000,5250000
1,21,5250000,5250100,73164,182910,5500000,5500000
1,22,5500000,5500100,73164,182910,5750000,5750000
1,23,5750000,5750100,73164,182910,6000000,6000000
1,24,6000000,6000100,73164,182910,6250000,6250000
1,25,6250000,6250100,73164,182910,6500000,6500000
1,26,6500000,6500100,73164,182910,6750000,6750000
1,27,6750000,6750100,73164,182910,7000000,7000000
1,28,7000000,7000100,73164,182910,7250000,7250000
1,29,7250000,7250100,73164,182910,7500000,7500000
1,30,7500000,7500100,73164,182910,7750000,7750000
1,31,7750000,7750100,73164,182910,8000000,8000000
1,32,8000000,8000100,73164,182910,8250000,8250000
1,33,8250000,8250100,73164,182910,8500000,8500000
1,34,8500000,8500100,73164,182910,8750000,8750000
1,35,8750000,8750100,73164,182910,9000000,9000000
1,36,9000000,9000100,73164,182910,9250000,9250000
1,37,9250000,9250100,73164,182910,9500000,9500000
1,38,9500000,9500100,73164,182910,9750000,9750000
1,39,9750000,9750100,73164,182910,10000000,10000000
1,40,10000000,10000100,73164,182910,10250000,10250000
1,41,10250000,10250100,73164,182910,10500000,10500000
1,42,10500000,10500100,73164,182910,10750000,10750000
1,43,10750000,10750100,73164,182910,11000000,11000000
1,44,11000000,11000100,73164,182910,11250000,11250000
1,45,11250000,11250100,73164,182910,11500000,11500000
1,46,11500000,11500100,73164,182910,11750000,11750000
1,47,11750000,11750100,73164,182910,12000000,12000000
1,48,12000000,12000100,73164,182910,12250000,12250000
1,49,12250000,12250100,73164,182910,12500000,12500000
1,50,12500000,12500100,73164,182910,12750000,12750000
1,51,12750000,12750100,73164,182910,13000000,13000000
1,52,13000000,13000100,73164,182910,13250000,13250000
1,53,13250000,13250100,73164,182910,13500000,13500000
1,54,13500000,13500100,73164,182910,13750000,13750000
1,55,13750000,13750100,73164,182910,14000000,14000000
1,56,14000000,14000100,73164,182910,14250000,14250000
1,57,14250000,14250100,73164,182910,14500000,14500000
1,58,14500000,14500100,73164,182910,14750000,14750000
1,59,14750000,14750100,73164,182910,15000000,15000000
1,60,15000000,15000100,73164,182910,15250000,15250000
1,61,15250000,15250100,73164,182910,15500000,15500000
1,62,15500000,15500100,73164,182910,15750000,15750000
1,63,15750000,15750100,73164,182910,16000000,16000000
1,64,16000000,16000100,73164,182910,16250000,16250000
1,65,16250000,16250100,73164,182910,16500000,16500000
1,66,16500000,16500100,73164,182910,16750000,16750000
1,67,16750000,16750100,73164,182910,17000000,17000000
1,68,17000000,17000100,73164,182910,17250000,17250000
1,69,17250000,17250100,73164,182910,17500000,17500000
1,70,17500000,17500100,73164,182910,17750000,17750000
1,71,17750000,17750100,73164,182910,18000000,18000000
1,72,18000000,18000100,73164,182910,18250000,18250000
1,73,18250000,18250100,73164,182910,18500000,18500000
1,74,18500000,18500100,73164,182910,18750000,18750000
1,75,18750000,18750100,73164,182910,19000000,19000000
1,76,19000000,19000100,73164,182910,19250000,19250000
1,77,19250000,19250100,73164,182910,19500000,19500000
1,78,19500000,19500100,73164,182910,19750000,19750000
1,79,19750000,19750100,73164,182910,20000000,20000000
1,80,20000000,20000100,73164,182910,20250000,20250000
1,81,20250000,20250100,73164,182910,20500000,20500000
1,82,20500000,20500100,73164,182910,20750000,20750000
1,83,20750000,20750100,73164,182910,21000000,21000000
1,84,21000000,21000100,73164,182910,21250000,21250000
1,85,21250000,21250100,73164,182910,21500000,21500000
1,86,21500000,21500100,73164,182910,21750000,21750000
1,87,21750000,21750100,73164,182910,22000000,22000000
1,88,22000000,22000100,73164,182910,22250000,22250000
1,89,22250000,22250100,73164,182910,22500000,22500000
1,90,22500000,22500100,73164,182910,22750000,22750000
1,91,22750000,22750100,73164,182910,23000000,23000000
1,92,23000000,23000100,73164,182910,23250000,23250000
1,93,23250000,23250100,73164,182910,23500000,23500000
1,94,23500000,23500100,73164,182910,23750000,23750000
1,95,23750000,23750100,73164,182910,24000000,24000000
1,96,24000000,24000100,73164,182910,24250000,24250000
1,97,24250000,24250100,73164,182910,24500000,24500000
1,98,24500000,24500100,73164,182910,24750000,24750000
1,99,24750000,24750100,73164,182910,25000000,25000000
1,100,25000000,25000100,73164,182910,25250000,25250000
1,101,25250000,25250100,73164,182910,25500000,25500000
1,102,25500000,25500100,73164,182910,25750000,25750000
1,103,25750000,25750100,73164,182910,26000000,26000000
1,104,26000000,26000100,73164,182910,26250000,26250000
1,105,26250000,26250100,73164,182910,26500000,26500000
1,106,26500000,26500100,73164,182910,26750000,26750000
1,107,26750000,26750100,73164,182910,27000000,27000000
1,108,27000000,27000100,73164,182910,27250000,27250000
1,109,27250000,27250100,73164,182910,27500000,27500000
1,110,27500000,27500100,73164,182910,27750000,27750000
1,111,27750000,27750100,73164,182910,28000000,28000000
1,112,28000000,28000100,73164,182910,28250000,28250000
1,113,28250000,28250100,73164,182910,28500000,28500000
1,114,28500000,28500100,73164,182910,28750000,28750000
1,115,28750000,28750100,73164,182910,29000000,29000000
1,116,29000000,29000100,73164,182910,29250000,29250000
1,117,29250000,29250100,73164,182910,29500000,29500000
1,118,29500000,29500100,73164,182910,29750000,29750000
1,119,29750000,29750100,73164,182910,30000000,30000000
1,120,30000000,30000100,73164,182910,30250000,30250000
1,121,30250000,30250100,73164,182910,30500000,30500000
1,122,30500000,30500100,73164,182910,30750000,30750000
1,123,30750000,30750100,73164,182910,31000000,31000000
1,124,31000000,31000100,73164,182910,31250000,31250000
1,125,31250000,31250100,73164,182910,31500000,31500000
1,126,31500000,31500100,73164,182910,31750000,31750000
1,127,31750000,31750100,73164,182910,32000000,32000000
1,128,32000000,32000100,73164,182910,32250000,32250000
1,129,32250000,32250100,73164,182910,32500000,32500000
1,130,32500000,32500100,73164,182910,32750000,32750000
1,131,32750000,32750100,73164,182910,33000000,33000000
1,132,33000000,33000100,73164,182910,33250000,33250000
1,133,33250000,33250100,73164,182910,33500000,33500000
1,134,33500000,33500100,73164,182910,33750000,33750000
1,135,33750000,33750100,73164,182910,34000000,34000000
1,136,34000000,34000100,73164,182910,34250000,34250000
1,137,34250000,34250100,73164,182910,34500000,34500000
1,138,34500000,34500100,73164,182910,34750000,34750000
1,139,34750000,34750100,73164,182910,35000000,35000000
1,140,35000000,35000100,73164,182910,35250000,35250000
1,141,35250000,35250100,73164,182910,35500000,35500000
1,142,35500000,35500100,73164,182910,35750000,35750000
1,143,35750000,35750100,73164,182910,36000000,36000000
1,144,36000000,36000100,73164,182910,36250000,36250000
1,145,36250000,36250100,73164,182910,36500000,36500000
1,146,36500000,36500100,73164,182910,36750000,36750000
1,147,36750000,36750100,73164,182910,37000000,37000000
1,148,37000000,37000100,73164,182910,37250000,37250000
1,149,37250000,37250100,73164,182910,37500000,37500000
1,150,37500000,37500100,73164,182910,37750000,37750000
1,151,37750000,37750100,73164,182910,38000000,38000000
1,152,38000000,38000100,73164,182910,38250000,38250000
1,153,38250000,38250100,73164,182910,38500000,38500000
1,154,38500000,38500100,73164,182910,38750000,38750000
1,155,38750000,38750100,73164,182910,39000000,39000000
1,156,39000000,39000100,73164,182910,39250000,39250000
1,157,39250000,39250100,73164,182910,39500000,39500000
1,158,39500000,39500100,73164,182910,39750000,39750000
1,159,39750000,39750100,73164,182910,40000000,40000000
1,160,40000000,40000100,73164,182910,40250000,40250000
1,161,40250000,40250100,73164,182910,40500000,40500000
1,162,40500000,40500100,73164,182910,40750000,40750000
1,163,40750000,40750100,73164,182910,41000000,41000000
1,164,41000000,41000100,73164,182910,41250000,41250000
1,165,41250000,41250100,73164,182910,41500000,41500000
1,166,41500000,41500100,73164,182910,41750000,41750000
1,167,41750000,41750100,73164,182910,42000000,42000000
1,168,42000000,42000100,73164,182910,42250000,42250000
1,169,42250000,42250100,73164,182910,42500000,42500000
1,170,42500000,42500100,73164,182910,42750000,42750000
1,171,42750000,42750100,73164,182910,43000000,43000000
1,172,43000000,43000100,73164,182910,43250000,43250000
1,173,43250000,43250100,73164,182910,43500000,43500000
1,174,43500000,43500100,73164,182910,43750000,43750000
1,175,43750000,43750100,73164,182910,44000000,44000000
1,176,44000000,44000100,73164,182910,44250000,44250000
1,177,44250000,44250100,73164,182910,44500000,44500000
1,178,44500000,44500100,73164,182910,44750000,44750000
1,179,44750000,44750100,73164,182910,45000000,45000000
1,180,45000000,45000100,73164,182910,45250000,45250000
1,181,45250000,45250100,73164,182910,45500000,45500000
1,182,45500000,45500100,73164,182910,45750000,45750000
1,183,45750000,45750100,73164,182910,46000000,46000000
1,184,46000000,46000100,73164,182910,46250000,46250000
1,185,46250000,46250100,73164,182910,46500000,46500000
1,186,46500000,46500100,73164,182910,46750000,46750000
1,187,46750000,46750100,73164,182910,47000000,47000000
1,188,47000000,47000100,73164,182910,47250000,47250000
1,189,47250000,47250100,73164,182910,47500000,47500000
1,190,47500000,47500100,73164,182910,47750000,47750000
1,191,47750000,47750100,73164,182910,48000000,48000000
1,192,48000000,48000100,73164,182910,48250000,48250000
1,193,48250000,48250100,73164,182910,48500000,48500000
1,194,48500000,48500100,73164,182910,48750000,48750000
1,195,48750000,48750100,73164,182910,49000000,49000000
1,196,49000000,49000100,73164,182910,49250000,49250000
1,197,49250000,49250100,73164,182910,49500000,49500000
1,198,49500000,49500100,73164,182910,49750000,49750000
1,199,49750000,49750100,73164,182910,50000000,50000000
1,200,50000000,50000100,73164,182910,50250000,50250000
1,201,50250000,50250100,73164,182910,50500000,50500000
1,202,50500000,50500100,73164,182910,50750000,50750000
1,203,50750000,50750100,73164,182910,51000000,51000000
1,204,51000000,51000100,73164,182910,51250000,51250000
1,205,51250000,51250100,73164,182910,51500000,51500000
1,206,51500000,51500100,73164,182910,51750000,51750000
1,207,51750000,51750100,73164,182910,52000000,52000000
1,208,52000000,52000100,73164,182910,52250000,52250000
1,209,52250000,52250100,73164,182910,52500000,52500000
1,210,52500000,52500100,73164,182910,52750000,52750000
1,211,52750000,52750100,73164,182910,53000000,53000000
1,212,53000000,53000100,73164,182910,53250000,53250000
1,213,53250000,53250100,73164,182910,53500000,53500000
1,214,53500000,53500100,73164,182910,53750000,53750000
1,215,53750000,53750100,73164,182910,54000000,54000000
1,216,54000000,54000100,73164,182910,54250000,54250000
1,217,54250000,54250100,73164,182910,54500000,54500000
1,218,54500000,54500100,73164,182910,54750000,54750000
1,219,54750000,54750100,73164,182910,55000000,55000000
1,220,55000000,55000100,73164,182910,55250000,55250000
1,221,55250000,55250100,73164,182910,55500000,55500000
1,222,55500000,55500100,73164,182910,55750000,55750000
1,223,55750000,55750100,73164,182910,56000000,56000000
1,224,56000000,56000100,73164,182910,56250000,56250000
1,225,56250000,56250100,73164,182910,56500000,56500000
1,226,56500000,56500100,73164,182910,56750000,56750000
1,227,56750000,56750100,73164,182910,57000000,57000000
1,228,57000000,57000100,73164,182910,57250000,57250000
1,229,57250000,57250100,73164,182910,57500000,57500000
1,230,57500000,57500100,73164,182910,57750000,57750000
1,231,57750000,57750100,73164,182910,58000000,58000000
1,232,58000000,58000100,73164,182910,58250000,58250000
1,233,58250000,58250100,73164,182910,58500000,58500000
1,234,58500000,58500100,73164,182910,58750000,58750000
1,235,58750000,58750100,73164,182910,59000000,59000000
1,236,59000000,59000100,73164,182910,59250000,59250000
1,237,59250000,59250100,73164,182910,59500000,59500000
1,238,59500000,59500100,73164,182910,59750000,59750000
1,239,59750000,59750100,73164,182910,60000000,60000000
1,240,60000000,60000100,73164,182910,60250000,60250000
1,241,60250000,60250100,73164,182910,60500000,60500000
1,242,60500000,60500100,73164,182910,60750000,60750000
1,243,60750000,60750100,73164,182910,61000000,61000000
1,244,61000000,61000100,73164,182910,61250000,61250000
1,245,61250000,61250100,73164,182910,61500000,61500000
1,246,61500000,61500100,73164,182910,61750000,61750000
1,247,61750000,61750100,73164,182910,62000000,62000000
1,248,62000000,62000100,73164,182910,62250000,62250000
1,249,62250000,62250100,73164,182910,62500000,62500000
1,250,62500000,62500100,73164,182910,62750000,62750000
1,251,62750000,62750100,73164,182910,63000000,63000000
1,252,63000000,63000100,73164,182910,63250000,63250000
1,253,63250000,63250100,73164,182910,63500000,63500000
1,254,63500000,63500100,73164,182910,63750000,63750000
1,255,63750000,63750100,73164,182910,64000000,64000000
1,256,64000000,64000100,73164,182910,64250000,64250000
1,257,64250000,64250100,73164,182910,64500000,64500000
1,258,64500000,64500100,73164,182910,64750000,64750000
1,259,64750000,64750100,73164,182910,65000000,65000000
1,260,65000000,65000100,73164,182910,65250000,65250000
1,261,65250000,65250100,73164,182910,65500000,65500000
1,262,65500000,65500100,73164,182910,65750000,65750000
1,263,65750000,65750100,73164,182910,66000000,66000000
1,264,66000000,66000100,73164,182910,66250000,66250000
1,265,66250000,66250100,73164,182910,66500000,66500000
1,266,66500000,66500100,73164,182910,66750000,66750000
1,267,66750000,66750100,73164,182910,67000000,67000000
1,268,67000000,67000100,73164,182910,67250000,67250000
1,269,67250000,67250100,73164,182910,67500000,67500000
1,270,67500000,67500100,73164,182910,67750000,67750000
1,271,67750000,67750100,73164,182910,68000000,68000000
1,272,68000000,68000100,73164,182910,68250000,68250000
1,273,68250000,68250100,73164,182910,68500000,68500000
1,274,68500000,68500100,73164,182910,68750000,68750000
1,275,68750000,68750100,73164,182910,69000000,69000000
1,276,69000000,69000100,73164,182910,69250000,69250000
1,277,69250000,69250100,73164,182910,69500000,69500000
1,278,69500000,69500100,73164,182910,69750000,69750000
1,279,69750000,69750100,73164,182910,70000000,70000000
1,280,70000000,70000100,73164,182910,70250000,70250000
1,281,70250000,70250100,73164,182910,70500000,70500000
1,282,70500000,70500100,73164,182910,70750000,70750000
1,283,70750000,70750100,73164,182910,71000000,71000000
1,284,71000000,71000100,73164,182910,71250000,71250000
1,285,71250000,71250100,73164,182910,71500000,71500000
1,286,71500000,71500100,73164,182910,71750000,71750000
1,287,71750000,71750100,73164,182910,72000000,72000000
1,288,72000000,72000100,73164,182910,72250000,72250000
1,289,72250000,72250100,73164,182910,72500000,72500000
1,290,72500000,72500100,73164,182910,72750000,72750000
1,291,72750000,72750100,73164,182910,73000000,73000000
1,292,73000000,73000100,73164,182910,73250000,73250000
1,293,73250000,73250100,73164,182910,73500000,73500000
1,294,73500000,73500100,73164,182910,73750000,73750000
1,295,73750000,73750100,73164,182910,74000000,74000000
1,296,74000000,74000100,73164,182910,74250000,74250000
1,297,74250000,74250100,73164,182910,74500000,74500000
1,298,74500000,74500100,73164,182910,74750000,74750000
1,299,74750000,74750100,73164,182910,75000000,75000000
1,300,75000000,75000100,73164,182910,75250000,75250000
1,301,75250000,75250100,73164,182910,75500000,75500000
1,302,75500000,75500100,73164,182910,75750000,75750000
1,303,75750000,75750100,73164,182910,76000000,76000000
1,304,76000000,76000100,73164,182910,76250000,76250000
1,305,76250000,76250100,73164,182910,76500000,76500000
1,306,76500000,76500100,73164,182910,76750000,76750000
1,307,76750000,76750100,73164,182910,77000000,77000000
1,308,77000000,77000100,73164,182910,77250000,77250000
1,309,77250000,77250100,73164,182910,77500000,77500000
1,310,77500000,77500100,73164,182910,77750000,77750000
1,311,77750000,77750100,73164,182910,78000000,78000000
1,312,78000000,78000100,73164,182910,78250000,78250000
1,313,78250000,78250100,73164,182910,78500000,78500000
1,314,78500000,78500100,73164,182910,78750000,78750000
1,315,78750000,78750100,73164,182910,79000000,79000000
1,316,79000000,79000100,73164,182910,79250000,79250000
1,317,79250000,79250100,73164,182910,79500000,79500000
1,318,79500000,79500100,73164,182910,79750000,79750000
1,319,79750000,79750100,73164,182910,80000000,80000000
1,320,80000000,80000100,73164,182910,80250000,80250000
1,321,80250000,80250100,73164,182910,80500000,80500000
1,322,80500000,80500100,73164,182910,80750000,80750000
1,323,80750000,80750100,73164,182910,81000000,81000000
1,324,81000000,81000100,73164,182910,81250000,81250000
1,325,81250000,81250100,73164,182910,81500000,81500000
1,326,81500000,81500100,73164,182910,81750000,81750000
1,327,81750000,81750100,73164,182910,82000000,82000000
1,328,82000000,82000100,73164,182910,82250000,82250000
1,329,82250000,82250100,73164,182910,82500000,82500000
1,330,82500000,82500100,73164,182910,82750000,82750000
1,331,82750000,82750100,73164,182910,83000000,83000000
1,332,83000000,83000100,73164,182910,83250000,83250000
1,333,83250000,83250100,73164,182910,83500000,83500000
1,334,83500000,83500100,73164,182910,83750000,83750000
1,335,83750000,83750100,73164,182910,84000000,84000000
2,0,0,100,4064,10162,300000,300000
2,1,300000,300100,4064,10162,600000,600000
2,2,600000,600100,4064,10162,900000,900000
2,3,900000,900100,4064,10162,1200000,1200000
2,4,1200000,1200100,4064,10162,1500000,1500000
2,5,1500000,1500100,4064,10162,1800000,1800000
2,6,1800000,1800100,4064,10162,2100000,2100000
2,7,2100000,2100100,4064,10162,2400000,2400000
2,8,2400000,2400100,4064,10162,2700000,2700000
2,9,2700000,2700100,4064,10162,3000000,3000000
2,10,3000000,3000100,4064,10162,3300000,3300000
2,11,3300000,3300100,4064,10162,3600000,3600000
2,12,3600000,3600100,4064,10162,3900000,3900000
2,13,3900000,3900100,4064,10162,4200000,4200000
2,14,4200000,4200100,4064,10162,4500000,4500000
2,15,4500000,4500100,4064,10162,4800000,4800000
2,16,4800000,4800100,4064,10162,5100000,5100000
2,17,5100000,5100100,4064,10162,5400000,5400000
2,18,5400000,5400100,4064,10162,5700000,5700000
2,19,5700000,5700100,4064,10162,6000000,6000000
2,20,6000000,6000100,4064,10162,6300000,6300000
2,21,6300000,6300100,4064,10162,6600000,6600000
2,22,6600000,6600100,4064,10162,6900000,6900000
2,23,6900000,6900100,4064,10162,7200000,7200000
2,24,7200000,7200100,4064,10162,7500000,7500000
2,25,7500000,7500100,4064,10162,7800000,7800000
2,26,7800000,7800100,4064,10162,8100000,8100000
2,27,8100000,8100100,4064,10162,8400000,8400000
2,28,8400000,8400100,4064,10162,8700000,8700000
2,29,8700000,8700100,4064,10162,9000000,9000000
2,30,9000000,9000100,4064,10162,9300000,9300000
2,31,9300000,9300100,4064,10162,9600000,9600000
2,32,9600000,9600100,4064,10162,9900000,9900000
2,33,9900000,9900100,4064,10162,10200000,10200000
2,34,10200000,10200100,4064,10162,10500000,10500000
2,35,10500000,10500100,4064,10162,10800000,10800000
2,36,10800000,10800100,4064,10162,11100000,11100000
2,37,11100000,11100100,4064,10162,11400000,11400000
2,38,11400000,11400100,4064,10162,11700000,11700000
2,39,11700000,11700100,4064,10162,12000000,12000000
2,40,12000000,12000100,4064,10162,12300000,12300000
2,41,12300000,12300100,4064,10162,12600000,12600000
2,42,12600000,12600100,4064,10162,12900000,12900000
2,43,12900000,12900100,4064,10162,13200000,13200000
2,44,13200000,13200100,4064,10162,13500000,13500000
2,45,13500000,13500100,4064,10162,13800000,13800000
2,46,13800000,13800100,4064,10162,14100000,14100000
2,47,14100000,14100100,4064,10162,14400000,14400000
2,48,14400000,14400100,4064,10162,14700000,14700000
2,49,14700000,14700100,4064,10162,15000000,15000000
2,50,15000000,15000100,4064,10162,15300000,15300000
2,51,15300000,15300100,4064,10162,15600000,15600000
2,52,15600000,15600100,4064,10162,15900000,15900000
2,53,15900000,15900100,4064,10162,16200000,16200000
2,54,16200000,16200100,4064,10162,16500000,16500000
2,55,16500000,16500100,4064,10162,16800000,16800000
2,56,16800000,16800100,4064,10162,17100000,17100000
2,57,17100000,17100100,4064,10162,17400000,17400000
2,58,17400000,17400100,4064,10162,17700000,17700000
2,59,17700000,17700100,4064,10162,18000000,18000000
2,60,18000000,18000100,4064,10162,18300000,18300000
2,61,18300000,18300100,4064,10162,18600000,18600000
2,62,18600000,18600100,4064,10162,18900000,18900000
2,63,18900000,18900100,4064,10162,19200000,19200000
2,64,19200000,19200100,4064,10162,19500000,19500000
2,65,19500000,19500100,4064,10162,19800000,19800000
2,66,19800000,19800100,4064,10162,20100000,20100000
2,67,20100000,20100100,4064,10162,20400000,20400000
2,68,20400000,20400100,4064,10162,20700000,20700000
2,69,20700000,20700100,4064,10162,21000000,21000000
2,70,21000000,21000100,4064,10162,21300000,21300000
2,71,21300000,21300100,4064,10162,21600000,21600000
2,72,21600000,21600100,4064,10162,21900000,21900000
2,73,21900000,21900100,4064,10162,22200000,22200000
2,74,22200000,22200100,4064,10162,22500000,22500000
2,75,22500000,22500100,4064,10162,22800000,22800000
2,76,22800000,22800100,4064,10162,23100000,23100000
2,77,23100000,23100100,4064,10162,23400000,23400000
2,78,23400000,23400100,4064,10162,23700000,23700000
2,79,23700000,23700100,4064,10162,24000000,24000000
2,80,24000000,24000100,4064,10162,24300000,24300000
2,81,24300000,24300100,4064,10162,24600000,24600000
2,82,24600000,24600100,4064,10162,24900000,24900000
2,83,24900000,24900100,4064,10162,25200000,25200000
2,84,25200000,25200100,4064,10162,25500000,25500000
2,85,25500000,25500100,4064,10162,25800000,25800000
2,86,25800000,25800100,4064,10162,26100000,26100000
2,87,26100000,26100100,4064,10162,26400000,26400000
2,88,26400000,26400100,4064,10162,26700000,26700000
2,89,26700000,26700100,4064,10162,27000000,27000000
2,90,27000000,27000100,4064,10162,27300000,27300000
2,91,27300000,27300100,4064,10162,27600000,27600000
2,92,27600000,27600100,4064,10162,27900000,27900000
2,93,27900000,27900100,4064,10162,28200000,28200000
2,94,28200000,28200100,4064,10162,28500000,28500000
2,95,28500000,28500100,4064,10162,28800000,28800000
2,96,28800000,28800100,4064,10162,29100000,29100000
2,97,29100000,29100100,4064,10162,29400000,29400000
2,98,29400000,29400100,4064,10162,29700000,29700000
2,99,29700000,29700100,4064,10162,30000000,30000000
2,100,30000000,30000100,4064,10162,30300000,30300000
2,101,30300000,30300100,4064,10162,30600000,30600000
2,102,30600000,30600100,4064,10162,30900000,30900000
2,103,30900000,30900100,4064,10162,31200000,31200000
2,104,31200000,31200100,4064,10162,31500000,31500000
2,105,31500000,31500100,4064,10162,31800000,31800000
2,106,31800000,31800100,4064,10162,32100000,32100000
2,107,32100000,32100100,4064,10162,32400000,32400000
2,108,32400000,32400100,4064,10162,32700000,32700000
2,109,32700000,32700100,4064,10162,33000000,33000000
2,110,33000000,33000100,4064,10162,33300000,33300000
2,111,33300000,33300100,4064,10162,33600000,33600000
2,112,33600000,33600100,4064,10162,33900000,33900000
2,113,33900000,33900100,4064,10162,34200000,34200000
2,114,34200000,34200100,4064,10162,34500000,34500000
2,115,34500000,34500100,4064,10162,34800000,34800000
2,116,34800000,34800100,4064,10162,35100000,35100000
2,117,35100000,35100100,4064,10162,35400000,35400000
2,118,35400000,35400100,4064,10162,35700000,35700000
2,119,35700000,35700100,4064,10162,36000000,36000000
2,120,36000000,36000100,4064,10162,36300000,36300000
2,121,36300000,36300100,4064,10162,36600000,36600000
2,122,36600000,36600100,4064,10162,36900000,36900000
2,123,36900000,36900100,4064,10162,37200000,37200000
2,124,37200000,37200100,4064,10162,37500000,37500000
2,125,37500000,37500100,4064,10162,37800000,37800000
2,126,37800000,37800100,4064,10162,38100000,38100000
2,127,38100000,38100100,4064,10162,38400000,38400000
2,128,38400000,38400100,4064,10162,38700000,38700000
2,129,38700000,38700100,4064,10162,39000000,39000000
2,130,39000000,39000100,4064,10162,39300000,39300000
2,131,39300000,39300100,4064,10162,39600000,39600000
2,132,39600000,39600100,4064,10162,39900000,39900000
2,133,39900000,39900100,4064,10162,40200000,40200000
2,134,40200000,40200100,4064,10162,40500000,40500000
2,135,40500000,40500100,4064,10162,40800000,40800000
2,136,40800000,40800100,4064,10162,41100000,41100000
2,137,41100000,41100100,4064,10162,41400000,41400000
2,138,41400000,41400100,4064,10162,41700000,41700000
2,139,41700000,41700100,4064,10162,42000000,42000000
2,140,42000000,42000100,4064,10162,42300000,42300000
2,141,42300000,42300100,4064,10162,42600000,42600000
2,142,42600000,42600100,4064,10162,42900000,42900000
2,143,42900000,42900100,4064,10162,43200000,43200000
2,144,43200000,43200100,4064,10162,43500000,43500000
2,145,43500000,43500100,4064,10162,43800000,43800000
2,146,43800000,43800100,4064,10162,44100000,44100000
2,147,44100000,44100100,4064,10162,44400000,44400000
2,148,44400000,44400100,4064,10162,44700000,44700000
2,149,44700000,44700100,4064,10162,45000000,45000000
2,150,45000000,45000100,4064,10162,45300000,45300000
2,151,45300000,45300100,4064,10162,45600000,45600000
2,152,45600000,45600100,4064,10162,45900000,45900000
2,153,45900000,45900100,4064,10162,46200000,46200000
2,154,46200000,46200100,4064,10162,46500000,46500000
2,155,46500000,46500100,4064,10162,46800000,46800000
2,156,46800000,46800100,4064,10162,47100000,47100000
2,157,47100000,47100100,4064,10162,47400000,47400000
2,158,47400000,47400100,4064,10162,47700000,47700000
2,159,47700000,47700100,4064,10162,48000000,48000000
2,160,48000000,48000100,4064,10162,48300000,48300000
2,161,48300000,48300100,4064,10162,48600000,48600000
2,162,48600000,48600100,4064,10162,48900000,48900000
2,163,48900000,48900100,4064,10162,49200000,49200000
2,164,49200000,49200100,4064,10162,49500000,49500000
2,165,49500000,49500100,4064,10162,49800000,49800000
2,166,49800000,49800100,4064,10162,50100000,50100000
2,167,50100000,50100100,4064,10162,50400000,50400000
2,168,50400000,50400100,4064,10162,50700000,50700000
2,169,50700000,50700100,4064,10162,51000000,51000000
2,170,51000000,51000100,4064,10162,51300000,51300000
2,171,51300000,51300100,4064,10162,51600000,51600000
2,172,51600000,51600100,4064,10162,51900000,51900000
2,173,51900000,51900100,4064,10162,52200000,52200000
2,174,52200000,52200100,4064,10162,52500000,52500000
2,175,52500000,52500100,4064,10162,52800000,52800000
2,176,52800000,52800100,4064,10162,53100000,53100000
2,177,53100000,53100100,4064,10162,53400000,53400000
2,178,53400000,53400100,4064,10162,53700000,53700000
2,179,53700000,53700100,4064,10162,54000000,54000000
2,180,54000000,54000100,4064,10162,54300000,54300000
2,181,54300000,54300100,4064,10162,54600000,54600000
2,182,54600000,54600100,4064,10162,54900000,54900000
2,183,54900000,54900100,4064,10162,55200000,55200000
2,184,55200000,55200100,4064,10162,55500000,55500000
2,185,55500000,55500100,4064,10162,55800000,55800000
2,186,55800000,55800100,4064,10162,56100000,56100000
2,187,56100000,56100100,4064,10162,56400000,56400000
2,188,56400000,56400100,4064,10162,56700000,56700000
2,189,56700000,56700100,4064,10162,57000000,57000000
2,190,57000000,57000100,4064,10162,57300000,57300000
2,191,57300000,57300100,4064,10162,57600000,57600000
2,192,57600000,57600100,4064,10162,57900000,57900000
2,193,57900000,57900100,4064,10162,58200000,58200000
2,194,58200000,58200100,4064,10162,58500000,58500000
2,195,58500000,58500100,4064,10162,58800000,58800000
2,196,58800000,58800100,4064,10162,59100000,59100000
2,197,59100000,59100100,4064,10162,59400000,59400000
2,198,59400000,59400100,4064,10162,59700000,59700000
2,199,59700000,59700100,4064,10162,60000000,60000000
2,200,60000000,60000100,4064,10162,60300000,60300000
2,201,60300000,60300100,4064,10162,60600000,60600000
2,202,60600000,60600100,4064,10162,60900000,60900000
2,203,60900000,60900100,4064,10162,61200000,61200000
2,204,61200000,61200100,4064,10162,61500000,61500000
2,205,61500000,61500100,4064,10162,61800000,61800000
2,206,61800000,61800100,4064,10162,62100000,62100000
2,207,62100000,62100100,4064,10162,62400000,62400000
2,208,62400000,62400100,4064,10162,62700000,62700000
2,209,62700000,62700100,4064,10162,63000000,63000000
2,210,63000000,63000100,4064,10162,63300000,63300000
2,211,63300000,63300100,4064,10162,63600000,63600000
2,212,63600000,63600100,4064,10162,63900000,63900000
2,213,63900000,63900100,4064,10162,64200000,64200000
2,214,64200000,64200100,4064,10162,64500000,64500000
2,215,64500000,64500100,4064,10162,64800000,64800000
2,216,64800000,64800100,4064,10162,65100000,65100000
2,217,65100000,65100100,4064,10162,65400000,65400000
2,218,65400000,65400100,4064,10162,65700000,65700000
2,219,65700000,65700100,4064,10162,66000000,66000000
2,220,66000000,66000100,4064,10162,66300000,66300000
2,221,66300000,66300100,4064,10162,66600000,66600000
2,222,66600000,66600100,4064,10162,66900000,66900000
2,223,66900000,66900100,4064,10162,67200000,67200000
2,224,67200000,67200100,4064,10162,67500000,67500000
2,225,67500000,67500100,4064,10162,67800000,67800000
2,226,67800000,67800100,4064,10162,68100000,68100000
2,227,68100000,68100100,4064,10162,68400000,68400000
2,228,68400000,68400100,4064,10162,68700000,68700000
2,229,68700000,68700100,4064,10162,69000000,69000000
2,230,69000000,69000100,4064,10162,69300000,69300000
2,231,69300000,69300100,4064,10162,69600000,69600000
2,232,69600000,69600100,4064,10162,69900000,69900000
2,233,69900000,69900100,4064,10162,70200000,70200000
2,234,70200000,70200100,4064,10162,70500000,70500000
2,235,70500000,70500100,4064,10162,70800000,70800000
2,236,70800000,70800100,4064,10162,71100000,71100000
2,237,71100000,71100100,4064,10162,71400000,71400000
2,238,71400000,71400100,4064,10162,71700000,71700000
2,239,71700000,71700100,4064,10162,72000000,72000000
2,240,72000000,72000100,4064,10162,72300000,72300000
2,241,72300000,72300100,4064,10162,72600000,72600000
2,242,72600000,72600100,4064,10162,72900000,72900000
2,243,72900000,72900100,4064,10162,73200000,73200000
2,244,73200000,73200100,4064,10162,73500000,73500000
2,245,73500000,73500100,4064,10162,73800000,73800000
2,246,73800000,73800100,4064,10162,74100000,74100000
2,247,74100000,74100100,4064,10162,74400000,74400000
2,248,74400000,74400100,4064,10162,74700000,74700000
2,249,74700000,74700100,4064,10162,75000000,75000000
2,250,75000000,75000100,4064,10162,75300000,75300000
2,251,75300000,75300100,4064,10162,75600000,75600000
2,252,75600000,75600100,4064,10162,75900000,75900000
2,253,75900000,75900100,4064,10162,76200000,76200000
2,254,76200000,76200100,4064,10162,76500000,76500000
2,255,76500000,76500100,4064,10162,76800000,76800000
2,256,76800000,76800100,4064,10162,77100000,77100000
2,257,77100000,77100100,4064,10162,77400000,77400000
2,258,77400000,77400100,4064,10162,77700000,77700000
2,259,77700000,77700100,4064,10162,78000000,78000000
2,260,78000000,78000100,4064,10162,78300000,78300000
2,261,78300000,78300100,4064,10162,78600000,78600000
2,262,78600000,78600100,4064,10162,78900000,78900000
2,263,78900000,78900100,4064,10162,79200000,79200000
2,264,79200000,79200100,4064,10162,79500000,79500000
2,265,79500000,79500100,4064,10162,79800000,79800000
2,266,79800000,79800100,4064,10162,80100000,80100000
2,267,80100000,80100100,4064,10162,80400000,80400000
2,268,80400000,80400100,4064,10162,80700000,80700000
2,269,80700000,80700100,4064,10162,81000000,81000000
2,270,81000000,81000100,4064,10162,81300000,81300000
2,271,81300000,81300100,4064,10162,81600000,81600000
2,272,81600000,81600100,4064,10162,81900000,81900000
2,273,81900000,81900100,4064,10162,82200000,82200000
2,274,82200000,82200100,4064,10162,82500000,82500000
2,275,82500000,82500100,4064,10162,82800000,82800000
2,276,82800000,82800100,4064,10162,83100000,83100000
2,277,83100000,83100100,4064,10162,83400000,83400000
2,278,83400000,83400100,4064,10162,83700000,83700000
2,279,83700000,83700100,4064,10162,84000000,84000000
3,0,0,100,94168,235420,600000,600000
3,1,600000,600100,94168,235420,1200000,1200000
3,2,1200000,1200100,94168,235420,1800000,1800000
3,3,1800000,1800100,94168,235420,2400000,2400000
3,4,2400000,2400100,94168,235420,3000000,3000000
3,5,3000000,3000100,94168,235420,3600000,3600000
3,6,3600000,3600100,94168,235420,4200000,4200000
3,7,4200000,4200100,94168,235420,4800000,4800000
3,8,4800000,4800100,94168,235420,5400000,5400000
3,9,5400000,5400100,94168,235420,6000000,6000000
3,10,6000000,6000100,94168,235420,6600000,6600000
3,11,6600000,6600100,94168,235420,7200000,7200000
3,12,7200000,7200100,94168,235420,7800000,7800000
3,13,7800000,7800100,94168,235420,8400000,8400000
3,14,8400000,8400100,94168,235420,9000000,9000000
3,15,9000000,9000100,94168,235420,9600000,9600000
3,16,9600000,9600100,94168,235420,10200000,10200000
3,17,10200000,10200100,94168,235420,10800000,10800000
3,18,10800000,10800100,94168,235420,11400000,11400000
3,19,11400000,11400100,94168,235420,12000000,12000000
3,20,12000000,12000100,94168,235420,12600000,12600000
3,21,12600000,12600100,94168,235420,13200000,13200000
3,22,13200000,13200100,94168,235420,13800000,13800000
3,23,13800000,13800100,94168,235420,14400000,14400000
3,24,14400000,14400100,94168,235420,15000000,15000000
3,25,15000000,15000100,94168,235420,15600000,15600000
3,26,15600000,15600100,94168,235420,16200000,16200000
3,27,16200000,16200100,94168,235420,16800000,16800000
3,28,16800000,16800100,94168,235420,17400000,17400000
3,29,17400000,17400100,94168,235420,18000000,18000000
3,30,18000000,18000100,94168,235420,18600000,18600000
3,31,18600000,18600100,94168,235420,19200000,19200000
3,32,19200000,19200100,94168,235420,19800000,19800000
3,33,19800000,19800100,94168,235420,20400000,20400000
3,34,20400000,20400100,94168,235420,21000000,21000000
3,35,21000000,21000100,94168,235420,21600000,21600000
3,36,21600000,21600100,94168,235420,22200000,22200000
3,37,22200000,22200100,94168,235420,22800000,22800000
3,38,22800000,22800100,94168,235420,23400000,23400000
3,39,23400000,23400100,94168,235420,24000000,24000000
3,40,24000000,24000100,94168,235420,24600000,24600000
3,41,24600000,24600100,94168,235420,25200000,25200000
3,42,25200000,25200100,94168,235420,25800000,25800000
3,43,25800000,25800100,94168,235420,26400000,26400000
3,44,26400000,26400100,94168,235420,27000000,27000000
3,45,27000000,27000100,94168,235420,27600000,27600000
3,46,27600000,27600100,94168,235420,28200000,28200000
3,47,28200000,28200100,94168,235420,28800000,28800000
3,48,28800000,28800100,94168,235420,29400000,29400000
3,49,29400000,29400100,94168,235420,30000000,30000000
3,50,30000000,30000100,94168,235420,30600000,30600000
3,51,30600000,30600100,94168,235420,31200000,31200000
3,52,31200000,31200100,94168,235420,31800000,31800000
3,53,31800000,31800100,94168,235420,32400000,32400000
3,54,32400000,32400100,94168,235420,33000000,33000000
3,55,33000000,33000100,94168,235420,33600000,33600000
3,56,33600000,33600100,94168,235420,34200000,34200000
3,57,34200000,34200100,94168,235420,34800000,34800000
3,58,34800000,34800100,94168,235420,35400000,35400000
3,59,35400000,35400100,94168,235420,36000000,36000000
3,60,36000000,36000100,94168,235420,36600000,36600000
3,61,36600000,36600100,94168,235420,37200000,37200000
3,62,37200000,37200100,94168,235420,37800000,37800000
3,63,37800000,37800100,94168,235420,38400000,38400000
3,64,38400000,38400100,94168,235420,39000000,39000000
3,65,39000000,39000100,94168,235420,39600000,39600000
3,66,39600000,39600100,94168,235420,40200000,40200000
3,67,40200000,40200100,94168,235420,40800000,40800000
3,68,40800000,40800100,94168,235420,41400000,41400000
3,69,41400000,41400100,94168,235420,42000000,42000000
3,70,42000000,42000100,94168,235420,42600000,42600000
3,71,42600000,42600100,94168,235420,43200000,43200000
3,72,43200000,43200100,94168,235420,43800000,43800000
3,73,43800000,43800100,94168,235420,44400000,44400000
3,74,44400000,44400100,94168,235420,45000000,45000000
3,75,45000000,45000100,94168,235420,45600000,45600000
3,76,45600000,45600100,94168,235420,46200000,46200000
3,77,46200000,46200100,94168,235420,46800000,46800000
3,78,46800000,46800100,94168,235420,47400000,47400000
3,79,47400000,47400100,94168,235420,48000000,48000000
3,80,48000000,48000100,94168,235420,48600000,48600000
3,81,48600000,48600100,94168,235420,49200000,49200000
3,82,49200000,49200100,94168,235420,49800000,49800000
3,83,49800000,49800100,94168,235420,50400000,50400000
3,84,50400000,50400100,94168,235420,51000000,51000000
3,85,51000000,51000100,94168,235420,51600000,51600000
3,86,51600000,51600100,94168,235420,52200000,52200000
3,87,52200000,52200100,94168,235420,52800000,52800000
3,88,52800000,52800100,94168,235420,53400000,53400000
3,89,53400000,53400100,94168,235420,54000000,54000000
3,90,54000000,54000100,94168,235420,54600000,54600000
3,91,54600000,54600100,94168,235420,55200000,55200000
3,92,55200000,55200100,94168,235420,55800000,55800000
3,93,55800000,55800100,94168,235420,56400000,56400000
3,94,56400000,56400100,94168,235420,57000000,57000000
3,95,57000000,57000100,94168,235420,57600000,57600000
3,96,57600000,57600100,94168,235420,58200000,58200000
3,97,58200000,58200100,94168,235420,58800000,58800000
3,98,58800000,58800100,94168,235420,59400000,59400000
3,99,59400000,59400100,94168,235420,60000000,60000000
3,100,60000000,60000100,94168,235420,60600000,60600000
3,101,60600000,60600100,94168,235420,61200000,61200000
3,102,61200000,61200100,94168,235420,61800000,61800000
3,103,61800000,61800100,94168,235420,62400000,62400000
3,104,62400000,62400100,94168,235420,63000000,63000000
3,105,63000000,63000100,94168,235420,63600000,63600000
3,106,63600000,63600100,94168,235420,64200000,64200000
3,107,64200000,64200100,94168,235420,64800000,64800000
3,108,64800000,64800100,94168,235420,65400000,65400000
3,109,65400000,65400100,94168,235420,66000000,66000000
3,110,66000000,66000100,94168,235420,66600000,66600000
3,111,66600000,66600100,94168,235420,67200000,67200000
3,112,67200000,67200100,94168,235420,67800000,67800000
3,113,67800000,67800100,94168,235420,68400000,68400000
3,114,68400000,68400100,94168,235420,69000000,69000000
3,115,69000000,69000100,94168,235420,69600000,69600000
3,116,69600000,69600100,94168,235420,70200000,70200000
3,117,70200000,70200100,94168,235420,70800000,70800000
3,118,70800000,70800100,94168,235420,71400000,71400000
3,119,71400000,71400100,94168,235420,72000000,72000000
3,120,72000000,72000100,94168,235420,72600000,72600000
3,121,72600000,72600100,94168,235420,73200000,73200000
3,122,73200000,73200100,94168,235420,73800000,73800000
3,123,73800000,73800100,94168,235420,74400000,74400000
3,124,74400000,74400100,94168,235420,75000000,75000000
3,125,75000000,75000100,94168,235420,75600000,75600000
3,126,75600000,75600100,94168,235420,76200000,76200000
3,127,76200000,76200100,94168,235420,76800000,76800000
3,128,76800000,76800100,94168,235420,77400000,77400000
3,129,77400000,77400100,94168,235420,78000000,78000000
3,130,78000000,78000100,94168,235420,78600000,78600000
3,131,78600000,78600100,94168,235420,79200000,79200000
3,132,79200000,79200100,94168,235420,79800000,79800000
3,133,79800000,79800100,94168,235420,80400000,80400000
3,134,80400000,80400100,94168,235420,81000000,81000000
3,135,81000000,81000100,94168,235420,81600000,81600000
3,136,81600000,81600100,94168,235420,82200000,82200000
3,137,82200000,82200100,94168,235420,82800000,82800000
3,138,82800000,82800100,94168,235420,83400000,83400000
3,139,83400000,83400100,94168,235420,84000000,84000000
4,0,0,100,38416,96042,700000,700000
4,1,700000,700100,38416,96042,1400000,1400000
4,2,1400000,1400100,38416,96042,2100000,2100000
4,3,2100000,2100100,38416,96042,2800000,2800000
4,4,2800000,2800100,38416,96042,3500000,3500000
4,5,3500000,3500100,38416,96042,4200000,4200000
4,6,4200000,4200100,38416,96042,4900000,4900000
4,7,4900000,4900100,38416,96042,5600000,5600000
4,8,5600000,5600100,38416,96042,6300000,6300000
4,9,6300000,6300100,38416,96042,7000000,7000000
4,10,7000000,7000100,38416,96042,7700000,7700000
4,11,7700000,7700100,38416,96042,8400000,8400000
4,12,8400000,8400100,38416,96042,9100000,9100000
4,13,9100000,9100100,38416,96042,9800000,9800000
4,14,9800000,9800100,38416,96042,10500000,10500000
4,15,10500000,10500100,38416,96042,11200000,11200000
4,16,11200000,11200100,38416,96042,11900000,11900000
4,17,11900000,11900100,38416,96042,12600000,12600000
4,18,12600000,12600100,38416,96042,13300000,13300000
4,19,13300000,13300100,38416,96042,14000000,14000000
4,20,14000000,14000100,38416,96042,14700000,14700000
4,21,14700000,14700100,38416,96042,15400000,15400000
4,22,15400000,15400100,38416,96042,16100000,16100000
4,23,16100000,16100100,38416,96042,16800000,16800000
4,24,16800000,16800100,38416,96042,17500000,17500000
4,25,17500000,17500100,38416,96042,18200000,18200000
4,26,18200000,18200100,38416,96042,18900000,18900000
4,27,18900000,18900100,38416,96042,19600000,19600000
4,28,19600000,19600100,38416,96042,20300000,20300000
4,29,20300000,20300100,38416,96042,21000000,21000000
4,30,21000000,21000100,38416,96042,21700000,21700000
4,31,21700000,21700100,38416,96042,22400000,22400000
4,32,22400000,22400100,38416,96042,23100000,23100000
4,33,23100000,23100100,38416,96042,23800000,23800000
4,34,23800000,23800100,38416,96042,24500000,24500000
4,35,24500000,24500100,38416,96042,25200000,25200000
4,36,25200000,25200100,38416,96042,25900000,25900000
4,37,25900000,25900100,38416,96042,26600000,26600000
4,38,26600000,26600100,38416,96042,27300000,27300000
4,39,27300000,27300100,38416,96042,28000000,28000000
4,40,28000000,28000100,38416,96042,28700000,28700000
4,41,28700000,28700100,38416,96042,29400000,29400000
4,42,29400000,29400100,38416,96042,30100000,30100000
4,43,30100000,30100100,38416,96042,30800000,30800000
4,44,30800000,30800100,38416,96042,31500000,31500000
4,45,31500000,31500100,38416,96042,32200000,32200000
4,46,32200000,32200100,38416,96042,32900000,32900000
4,47,32900000,32900100,38416,96042,33600000,33600000
4,48,33600000,33600100,38416,96042,34300000,34300000
4,49,34300000,34300100,38416,96042,35000000,35000000
4,50,35000000,35000100,38416,96042,35700000,35700000
4,51,35700000,35700100,38416,96042,36400000,36400000
4,52,36400000,36400100,38416,96042,37100000,37100000
4,53,37100000,37100100,38416,96042,37800000,37800000
4,54,37800000,37800100,38416,96042,38500000,38500000
4,55,38500000,38500100,38416,96042,39200000,39200000
4,56,39200000,39200100,38416,96042,39900000,39900000
4,57,39900000,39900100,38416,96042,40600000,40600000
4,58,40600000,40600100,38416,96042,41300000,41300000
4,59,41300000,41300100,38416,96042,42000000,42000000
4,60,42000000,42000100,38416,96042,42700000,42700000
4,61,42700000,42700100,38416,96042,43400000,43400000
4,62,43400000,43400100,38416,96042,44100000,44100000
4,63,44100000,44100100,38416,96042,44800000,44800000
4,64,44800000,44800100,38416,96042,45500000,45500000
4,65,45500000,45500100,38416,96042,46200000,46200000
4,66,46200000,46200100,38416,96042,46900000,46900000
4,67,46900000,46900100,38416,96042,47600000,47600000
4,68,47600000,47600100,38416,96042,48300000,48300000
4,69,48300000,48300100,38416,96042,49000000,49000000
4,70,49000000,49000100,38416,96042,49700000,49700000
4,71,49700000,49700100,38416,96042,50400000,50400000
4,72,50400000,50400100,38416,96042,51100000,51100000
4,73,51100000,51100100,38416,96042,51800000,51800000
4,74,51800000,51800100,38416,96042,52500000,52500000
4,75,52500000,52500100,38416,96042,53200000,53200000
4,76,53200000,53200100,38416,96042,53900000,53900000
4,77,53900000,53900100,38416,96042,54600000,54600000
4,78,54600000,54600100,38416,96042,55300000,55300000
4,79,55300000,55300100,38416,96042,56000000,56000000
4,80,56000000,56000100,38416,96042,56700000,56700000
4,81,56700000,56700100,38416,96042,57400000,57400000
4,82,57400000,57400100,38416,96042,58100000,58100000
4,83,58100000,58100100,38416,96042,58800000,58800000
4,84,58800000,58800100,38416,96042,59500000,59500000
4,85,59500000,59500100,38416,96042,60200000,60200000
4,86,60200000,60200100,38416,96042,60900000,60900000
4,87,60900000,60900100,38416,96042,61600000,61600000
4,88,61600000,61600100,38416,96042,62300000,62300000
4,89,62300000,62300100,38416,96042,63000000,63000000
4,90,63000000,63000100,38416,96042,63700000,63700000
4,91,63700000,63700100,38416,96042,64400000,64400000
4,92,64400000,64400100,38416,96042,65100000,65100000
4,93,65100000,65100100,38416,96042,65800000,65800000
4,94,65800000,65800100,38416,96042,66500000,66500000
4,95,66500000,66500100,38416,96042,67200000,67200000
4,96,67200000,67200100,38416,96042,67900000,67900000
4,97,67900000,67900100,38416,96042,68600000,68600000
4,98,68600000,68600100,38416,96042,69300000,69300000
4,99,69300000,69300100,38416,96042,70000000,70000000
4,100,70000000,70000100,38416,96042,70700000,70700000
4,101,70700000,70700100,38416,96042,71400000,71400000
4,102,71400000,71400100,38416,96042,72100000,72100000
4,103,72100000,72100100,38416,96042,72800000,72800000
4,104,72800000,72800100,38416,96042,73500000,73500000
4,105,73500000,73500100,38416,96042,74200000,74200000
4,106,74200000,74200100,38416,96042,74900000,74900000
4,107,74900000,74900100,38416,96042,75600000,75600000
4,108,75600000,75600100,38416,96042,76300000,76300000
4,109,76300000,76300100,38416,96042,77000000,77000000
4,110,77000000,77000100,38416,96042,77700000,77700000
4,111,77700000,77700100,38416,96042,78400000,78400000
4,112,78400000,78400100,38416,96042,79100000,79100000
4,113,79100000,79100100,38416,96042,79800000,79800000
4,114,79800000,79800100,38416,96042,80500000,80500000
4,115,80500000,80500100,38416,96042,81200000,81200000
4,116,81200000,81200100,38416,96042,81900000,81900000
4,117,81900000,81900100,38416,96042,82600000,82600000
4,118,82600000,82600100,38416,96042,83300000,83300000
4,119,83300000,83300100,38416,96042,84000000,84000000
5,0,0,100,72772,181930,800000,800000
5,1,800000,800100,72772,181930,1600000,1600000
5,2,1600000,1600100,72772,181930,2400000,2400000
5,3,2400000,2400100,72772,181930,3200000,3200000
5,4,3200000,3200100,72772,181930,4000000,4000000
5,5,4000000,4000100,72772,181930,4800000,4800000
5,6,4800000,4800100,72772,181930,5600000,5600000
5,7,5600000,5600100,72772,181930,6400000,6400000
5,8,6400000,6400100,72772,181930,7200000,7200000
5,9,7200000,7200100,72772,181930,8000000,8000000
5,10,8000000,8000100,72772,181930,8800000,8800000
5,11,8800000,8800100,72772,181930,9600000,9600000
5,12,9600000,9600100,72772,181930,10400000,10400000
5,13,10400000,10400100,72772,181930,11200000,11200000
5,14,11200000,11200100,72772,181930,12000000,12000000
5,15,12000000,12000100,72772,181930,12800000,12800000
5,16,12800000,12800100,72772,181930,13600000,13600000
5,17,13600000,13600100,72772,181930,14400000,14400000
5,18,14400000,14400100,72772,181930,15200000,15200000
5,19,15200000,15200100,72772,181930,16000000,16000000
5,20,16000000,16000100,72772,181930,16800000,16800000
5,21,16800000,16800100,72772,181930,17600000,17600000
5,22,17600000,17600100,72772,181930,18400000,18400000
5,23,18400000,18400100,72772,181930,19200000,19200000
5,24,19200000,19200100,72772,181930,20000000,20000000
5,25,20000000,20000100,72772,181930,20800000,20800000
5,26,20800000,20800100,72772,181930,21600000,21600000
5,27,21600000,21600100,72772,181930,22400000,22400000
5,28,22400000,22400100,72772,181930,23200000,23200000
5,29,23200000,23200100,72772,181930,24000000,24000000
5,30,24000000,24000100,72772,181930,24800000,24800000
5,31,24800000,24800100,72772,181930,25600000,25600000
5,32,25600000,25600100,72772,181930,26400000,26400000
5,33,26400000,26400100,72772,181930,27200000,27200000
5,34,27200000,27200100,72772,181930,28000000,28000000
5,35,28000000,28000100,72772,181930,28800000,28800000
5,36,28800000,28800100,72772,181930,29600000,29600000
5,37,29600000,29600100,72772,181930,30400000,30400000
5,38,30400000,30400100,72772,181930,31200000,31200000
5,39,31200000,31200100,72772,181930,32000000,32000000
5,40,32000000,32000100,72772,181930,32800000,32800000
5,41,32800000,32800100,72772,181930,33600000,33600000
5,42,33600000,33600100,72772,181930,34400000,34400000
5,43,34400000,34400100,72772,181930,35200000,35200000
5,44,35200000,35200100,72772,181930,36000000,36000000
5,45,36000000,36000100,72772,181930,36800000,36800000
5,46,36800000,36800100,72772,181930,37600000,37600000
5,47,37600000,37600100,72772,181930,38400000,38400000
5,48,38400000,38400100,72772,181930,39200000,39200000
5,49,39200000,39200100,72772,181930,40000000,40000000
5,50,40000000,40000100,72772,181930,40800000,40800000
5,51,40800000,40800100,72772,181930,41600000,41600000
5,52,41600000,41600100,72772,181930,42400000,42400000
5,53,42400000,42400100,72772,181930,43200000,43200000
5,54,43200000,43200100,72772,181930,44000000,44000000
5,55,44000000,44000100,72772,181930,44800000,44800000
5,56,44800000,44800100,72772,181930,45600000,45600000
5,57,45600000,45600100,72772,181930,46400000,46400000
5,58,46400000,46400100,72772,181930,47200000,47200000
5,59,47200000,47200100,72772,181930,48000000,48000000
5,60,48000000,48000100,72772,181930,48800000,48800000
5,61,48800000,48800100,72772,181930,49600000,49600000
5,62,49600000,49600100,72772,181930,50400000,50400000
5,63,50400000,50400100,72772,181930,51200000,51200000
5,64,51200000,51200100,72772,181930,52000000,52000000
5,65,52000000,52000100,72772,181930,52800000,52800000
5,66,52800000,52800100,72772,181930,53600000,53600000
5,67,53600000,53600100,72772,181930,54400000,54400000
5,68,54400000,54400100,72772,181930,55200000,55200000
5,69,55200000,55200100,72772,181930,56000000,56000000
5,70,56000000,56000100,72772,181930,56800000,56800000
5,71,56800000,56800100,72772,181930,57600000,57600000
5,72,57600000,57600100,72772,181930,58400000,58400000
5,73,58400000,58400100,72772,181930,59200000,59200000
5,74,59200000,59200100,72772,181930,60000000,60000000
5,75,60000000,60000100,72772,181930,60800000,60800000
5,76,60800000,60800100,72772,181930,61600000,61600000
5,77,61600000,61600100,72772,181930,62400000,62400000
5,78,62400000,62400100,72772,181930,63200000,63200000
5,79,63200000,63200100,72772,181930,64000000,64000000
5,80,64000000,64000100,72772,181930,64800000,64800000
5,81,64800000,64800100,72772,181930,65600000,65600000
5,82,65600000,65600100,72772,181930,66400000,66400000
5,83,66400000,66400100,72772,181930,67200000,67200000
5,84,67200000,67200100,72772,181930,68000000,68000000
5,85,68000000,68000100,72772,181930,68800000,68800000
5,86,68800000,68800100,72772,181930,69600000,69600000
5,87,69600000,69600100,72772,181930,70400000,70400000
5,88,70400000,70400100,72772,181930,71200000,71200000
5,89,71200000,71200100,72772,181930,72000000,72000000
5,90,72000000,72000100,72772,181930,72800000,72800000
5,91,72800000,72800100,72772,181930,73600000,73600000
5,92,73600000,73600100,72772,181930,74400000,74400000
5,93,74400000,74400100,72772,181930,75200000,75200000
5,94,75200000,75200100,72772,181930,76000000,76000000
5,95,76000000,76000100,72772,181930,76800000,76800000
5,96,76800000,76800100,72772,181930,77600000,77600000
5,97,77600000,77600100,72772,181930,78400000,78400000
5,98,78400000,78400100,72772,181930,79200000,79200000
5,99,79200000,79200100,72772,181930,80000000,80000000
5,100,80000000,80000100,72772,181930,80800000,80800000
5,101,80800000,80800100,72772,181930,81600000,81600000
5,102,81600000,81600100,72772,181930,82400000,82400000
5,103,82400000,82400100,72772,181930,83200000,83200000
5,104,83200000,83200100,72772,181930,84000000,84000000
