Task ID,Job ID,Arrival min,Arrival max,Cost min,Cost max,Deadline,Priority
0,0,0,100,31730,52884,300000,300000
0,1,300000,300100,31730,52884,600000,600000
0,2,600000,600100,31730,52884,900000,900000
0,3,900000,900100,31730,52884,1200000,1200000
0,4,1200000,1200100,31730,52884,1500000,1500000
0,5,1500000,1500100,31730,52884,1800000,1800000
0,6,1800000,1800100,31730,52884,2100000,2100000
0,7,2100000,2100100,31730,52884,2400000,2400000
0,8,2400000,2400100,31730,52884,2700000,2700000
0,9,2700000,2700100,31730,52884,3000000,3000000
0,10,3000000,3000100,31730,52884,3300000,3300000
0,11,3300000,3300100,31730,52884,3600000,3600000
0,12,3600000,3600100,31730,52884,3900000,3900000
0,13,3900000,3900100,31730,52884,4200000,4200000
0,14,4200000,4200100,31730,52884,4500000,4500000
0,15,4500000,4500100,31730,52884,4800000,4800000
0,16,4800000,4800100,31730,52884,5100000,5100000
0,17,5100000,5100100,31730,52884,5400000,5400000
0,18,5400000,5400100,31730,52884,5700000,5700000
0,19,5700000,5700100,31730,52884,6000000,6000000
0,20,6000000,6000100,31730,52884,6300000,6300000
0,21,6300000,6300100,31730,52884,6600000,6600000
0,22,6600000,6600100,31730,52884,6900000,6900000
0,23,6900000,6900100,31730,52884,7200000,7200000
0,24,7200000,7200100,31730,52884,7500000,7500000
0,25,7500000,7500100,31730,52884,7800000,7800000
0,26,7800000,7800100,31730,52884,8100000,8100000
0,27,8100000,8100100,31730,52884,8400000,8400000
0,28,8400000,8400100,31730,52884,8700000,8700000
0,29,8700000,8700100,31730,52884,9000000,9000000
0,30,9000000,9000100,31730,52884,9300000,9300000
0,31,9300000,9300100,31730,52884,9600000,9600000
0,32,9600000,9600100,31730,52884,9900000,9900000
0,33,9900000,9900100,31730,52884,10200000,10200000
0,34,10200000,10200100,31730,52884,10500000,10500000
0,35,10500000,10500100,31730,52884,10800000,10800000
0,36,10800000,10800100,31730,52884,11100000,11100000
0,37,11100000,11100100,31730,52884,11400000,11400000
0,38,11400000,11400100,31730,52884,11700000,11700000
0,39,11700000,11700100,31730,52884,12000000,12000000
0,40,12000000,12000100,31730,52884,12300000,12300000
0,41,12300000,12300100,31730,52884,12600000,12600000
0,42,12600000,12600100,31730,52884,12900000,12900000
0,43,12900000,12900100,31730,52884,13200000,13200000
0,44,13200000,13200100,31730,52884,13500000,13500000
0,45,13500000,13500100,31730,52884,13800000,13800000
0,46,13800000,13800100,31730,52884,14100000,14100000
0,47,14100000,14100100,31730,52884,14400000,14400000
0,48,14400000,14400100,31730,52884,14700000,14700000
0,49,14700000,14700100,31730,52884,15000000,15000000
0,50,15000000,15000100,31730,52884,15300000,15300000
0,51,15300000,15300100,31730,52884,15600000,15600000
0,52,15600000,15600100,31730,52884,15900000,15900000
0,53,15900000,15900100,31730,52884,16200000,16200000
0,54,16200000,16200100,31730,52884,16500000,16500000
0,55,16500000,16500100,31730,52884,16800000,16800000
0,56,16800000,16800100,31730,52884,17100000,17100000
0,57,17100000,17100100,31730,52884,17400000,17400000
0,58,17400000,17400100,31730,52884,17700000,17700000
0,59,17700000,17700100,31730,52884,18000000,18000000
0,60,18000000,18000100,31730,52884,18300000,18300000
0,61,18300000,18300100,31730,52884,18600000,18600000
0,62,18600000,18600100,31730,52884,18900000,18900000
0,63,18900000,18900100,31730,52884,19200000,19200000
0,64,19200000,19200100,31730,52884,19500000,19500000
0,65,19500000,19500100,31730,52884,19800000,19800000
0,66,19800000,19800100,31730,52884,20100000,20100000
0,67,20100000,20100100,31730,52884,20400000,20400000
0,68,20400000,20400100,31730,52884,20700000,20700000
0,69,20700000,20700100,31730,52884,21000000,21000000
0,70,21000000,21000100,31730,52884,21300000,21300000
0,71,21300000,21300100,31730,52884,21600000,21600000
0,72,21600000,21600100,31730,52884,21900000,21900000
0,73,21900000,21900100,31730,52884,22200000,22200000
0,74,22200000,22200100,31730,52884,22500000,22500000
0,75,22500000,22500100,31730,52884,22800000,22800000
0,76,22800000,22800100,31730,52884,23100000,23100000
0,77,23100000,23100100,31730,52884,23400000,23400000
0,78,23400000,23400100,31730,52884,23700000,23700000
0,79,23700000,23700100,31730,52884,24000000,24000000
0,80,24000000,24000100,31730,52884,24300000,24300000
0,81,24300000,24300100,31730,52884,24600000,24600000
0,82,24600000,24600100,31730,52884,24900000,24900000
0,83,24900000,24900100,31730,52884,25200000,25200000
0,84,25200000,25200100,31730,52884,25500000,25500000
0,85,25500000,25500100,31730,52884,25800000,25800000
0,86,25800000,25800100,31730,52884,26100000,26100000
0,87,26100000,26100100,31730,52884,26400000,26400000
0,88,26400000,26400100,31730,52884,26700000,26700000
0,89,26700000,26700100,31730,52884,27000000,27000000
0,90,27000000,27000100,31730,52884,27300000,27300000
0,91,27300000,27300100,31730,52884,27600000,27600000
0,92,27600000,27600100,31730,52884,27900000,27900000
0,93,27900000,27900100,31730,52884,28200000,28200000
0,94,28200000,28200100,31730,52884,28500000,28500000
0,95,28500000,28500100,31730,52884,28800000,28800000
0,96,28800000,28800100,31730,52884,29100000,29100000
0,97,29100000,29100100,31730,52884,29400000,29400000
0,98,29400000,29400100,31730,52884,29700000,29700000
0,99,29700000,29700100,31730,52884,30000000,30000000
0,100,30000000,30000100,31730,52884,30300000,30300000
0,101,30300000,30300100,31730,52884,30600000,30600000
0,102,30600000,30600100,31730,52884,30900000,30900000
0,103,30900000,30900100,31730,52884,31200000,31200000
0,104,31200000,31200100,31730,52884,31500000,31500000
0,105,31500000,31500100,31730,52884,31800000,31800000
0,106,31800000,31800100,31730,52884,32100000,32100000
0,107,32100000,32100100,31730,52884,32400000,32400000
0,108,32400000,32400100,31730,52884,32700000,32700000
0,109,32700000,32700100,31730,52884,33000000,33000000
0,110,33000000,33000100,31730,52884,33300000,33300000
0,111,33300000,33300100,31730,52884,33600000,33600000
0,112,33600000,33600100,31730,52884,33900000,33900000
0,113,33900000,33900100,31730,52884,34200000,34200000
0,114,34200000,34200100,31730,52884,34500000,34500000
0,115,34500000,34500100,31730,52884,34800000,34800000
0,116,34800000,34800100,31730,52884,35100000,35100000
0,117,35100000,35100100,31730,52884,35400000,35400000
0,118,35400000,35400100,31730,52884,35700000,35700000
0,119,35700000,35700100,31730,52884,36000000,36000000
0,120,36000000,36000100,31730,52884,36300000,36300000
0,121,36300000,36300100,31730,52884,36600000,36600000
0,122,36600000,36600100,31730,52884,36900000,36900000
0,123,36900000,36900100,31730,52884,37200000,37200000
0,124,37200000,37200100,31730,52884,37500000,37500000
0,125,37500000,37500100,31730,52884,37800000,37800000
0,126,37800000,37800100,31730,52884,38100000,38100000
0,127,38100000,38100100,31730,52884,38400000,38400000
0,128,38400000,38400100,31730,52884,38700000,38700000
0,129,38700000,38700100,31730,52884,39000000,39000000
0,130,39000000,39000100,31730,52884,39300000,39300000
0,131,39300000,39300100,31730,52884,39600000,39600000
0,132,39600000,39600100,31730,52884,39900000,39900000
0,133,39900000,39900100,31730,52884,40200000,40200000
0,134,40200000,40200100,31730,52884,40500000,40500000
0,135,40500000,40500100,31730,52884,40800000,40800000
0,136,40800000,40800100,31730,52884,41100000,41100000
0,137,41100000,41100100,31730,52884,41400000,41400000
0,138,41400000,41400100,31730,52884,41700000,41700000
0,139,41700000,41700100,31730,52884,42000000,42000000
0,140,42000000,42000100,31730,52884,42300000,42300000
0,141,42300000,42300100,31730,52884,42600000,42600000
0,142,42600000,42600100,31730,52884,42900000,42900000
0,143,42900000,42900100,31730,52884,43200000,43200000
0,144,43200000,43200100,31730,52884,43500000,43500000
0,145,43500000,43500100,31730,52884,43800000,43800000
0,146,43800000,43800100,31730,52884,44100000,44100000
0,147,44100000,44100100,31730,52884,44400000,44400000
0,148,44400000,44400100,31730,52884,44700000,44700000
0,149,44700000,44700100,31730,52884,45000000,45000000
0,150,45000000,45000100,31730,52884,45300000,45300000
0,151,45300000,45300100,31730,52884,45600000,45600000
0,152,45600000,45600100,31730,52884,45900000,45900000
0,153,45900000,45900100,31730,52884,46200000,46200000
0,154,46200000,46200100,31730,52884,46500000,46500000
0,155,46500000,46500100,31730,52884,46800000,46800000
0,156,46800000,46800100,31730,52884,47100000,47100000
0,157,47100000,47100100,31730,52884,47400000,47400000
0,158,47400000,47400100,31730,52884,47700000,47700000
0,159,47700000,47700100,31730,52884,48000000,48000000
0,160,48000000,48000100,31730,52884,48300000,48300000
0,161,48300000,48300100,31730,52884,48600000,48600000
0,162,48600000,48600100,31730,52884,48900000,48900000
0,163,48900000,48900100,31730,52884,49200000,49200000
0,164,49200000,49200100,31730,52884,49500000,49500000
0,165,49500000,49500100,31730,52884,49800000,49800000
0,166,49800000,49800100,31730,52884,50100000,50100000
0,167,50100000,50100100,31730,52884,50400000,50400000
0,168,50400000,50400100,31730,52884,50700000,50700000
0,169,50700000,50700100,31730,52884,51000000,51000000
0,170,51000000,51000100,31730,52884,51300000,51300000
0,171,51300000,51300100,31730,52884,51600000,51600000
0,172,51600000,51600100,31730,52884,51900000,51900000
0,173,51900000,51900100,31730,52884,52200000,52200000
0,174,52200000,52200100,31730,52884,52500000,52500000
0,175,52500000,52500100,31730,52884,52800000,52800000
0,176,52800000,52800100,31730,52884,53100000,53100000
0,177,53100000,53100100,31730,52884,53400000,53400000
0,178,53400000,53400100,31730,52884,53700000,53700000
0,179,53700000,53700100,31730,52884,54000000,54000000
0,180,54000000,54000100,31730,52884,54300000,54300000
0,181,54300000,54300100,31730,52884,54600000,54600000
0,182,54600000,54600100,31730,52884,54900000,54900000
0,183,54900000,54900100,31730,52884,55200000,55200000
0,184,55200000,55200100,31730,52884,55500000,55500000
0,185,55500000,55500100,31730,52884,55800000,55800000
0,186,55800000,55800100,31730,52884,56100000,56100000
0,187,56100000,56100100,31730,52884,56400000,56400000
0,188,56400000,56400100,31730,52884,56700000,56700000
0,189,56700000,56700100,31730,52884,57000000,57000000
0,190,57000000,57000100,31730,52884,57300000,57300000
0,191,57300000,57300100,31730,52884,57600000,57600000
0,192,57600000,57600100,31730,52884,57900000,57900000
0,193,57900000,57900100,31730,52884,58200000,58200000
0,194,58200000,58200100,31730,52884,58500000,58500000
0,195,58500000,58500100,31730,52884,58800000,58800000
0,196,58800000,58800100,31730,52884,59100000,59100000
0,197,59100000,59100100,31730,52884,59400000,59400000
0,198,59400000,59400100,31730,52884,59700000,59700000
0,199,59700000,59700100,31730,52884,60000000,60000000
0,200,60000000,60000100,31730,52884,60300000,60300000
0,201,60300000,60300100,31730,52884,60600000,60600000
0,202,60600000,60600100,31730,52884,60900000,60900000
0,203,60900000,60900100,31730,52884,61200000,61200000
0,204,61200000,61200100,31730,52884,61500000,61500000
0,205,61500000,61500100,31730,52884,61800000,61800000
0,206,61800000,61800100,31730,52884,62100000,62100000
0,207,62100000,62100100,31730,52884,62400000,62400000
0,208,62400000,62400100,31730,52884,62700000,62700000
0,209,62700000,62700100,31730,52884,63000000,63000000
0,210,63000000,63000100,31730,52884,63300000,63300000
0,211,63300000,63300100,31730,52884,63600000,63600000
0,212,63600000,63600100,31730,52884,63900000,63900000
0,213,63900000,63900100,31730,52884,64200000,64200000
0,214,64200000,64200100,31730,52884,64500000,64500000
0,215,64500000,64500100,31730,52884,64800000,64800000
0,216,64800000,64800100,31730,52884,65100000,65100000
0,217,65100000,65100100,31730,52884,65400000,65400000
0,218,65400000,65400100,31730,52884,65700000,65700000
0,219,65700000,65700100,31730,52884,66000000,66000000
0,220,66000000,66000100,31730,52884,66300000,66300000
0,221,66300000,66300100,31730,52884,66600000,66600000
0,222,66600000,66600100,31730,52884,66900000,66900000
0,223,66900000,66900100,31730,52884,67200000,67200000
0,224,67200000,67200100,31730,52884,67500000,67500000
0,225,67500000,67500100,31730,52884,67800000,67800000
0,226,67800000,67800100,31730,52884,68100000,68100000
0,227,68100000,68100100,31730,52884,68400000,68400000
0,228,68400000,68400100,31730,52884,68700000,68700000
0,229,68700000,68700100,31730,52884,69000000,69000000
0,230,69000000,69000100,31730,52884,69300000,69300000
0,231,69300000,69300100,31730,52884,69600000,69600000
0,232,69600000,69600100,31730,52884,69900000,69900000
0,233,69900000,69900100,31730,52884,70200000,70200000
0,234,70200000,70200100,31730,52884,70500000,70500000
0,235,70500000,70500100,31730,52884,70800000,70800000
0,236,70800000,70800100,31730,52884,71100000,71100000
0,237,71100000,71100100,31730,52884,71400000,71400000
0,238,71400000,71400100,31730,52884,71700000,71700000
0,239,71700000,71700100,31730,52884,72000000,72000000
0,240,72000000,72000100,31730,52884,72300000,72300000
0,241,72300000,72300100,31730,52884,72600000,72600000
0,242,72600000,72600100,31730,52884,72900000,72900000
0,243,72900000,72900100,31730,52884,73200000,73200000
0,244,73200000,73200100,31730,52884,73500000,73500000
0,245,73500000,73500100,31730,52884,73800000,73800000
0,246,73800000,73800100,31730,52884,74100000,74100000
0,247,74100000,74100100,31730,52884,74400000,74400000
0,248,74400000,74400100,31730,52884,74700000,74700000
0,249,74700000,74700100,31730,52884,75000000,75000000
0,250,75000000,75000100,31730,52884,75300000,75300000
0,251,75300000,75300100,31730,52884,75600000,75600000
0,252,75600000,75600100,31730,52884,75900000,75900000
0,253,75900000,75900100,31730,52884,76200000,76200000
0,254,76200000,76200100,31730,52884,76500000,76500000
0,255,76500000,76500100,31730,52884,76800000,76800000
0,256,76800000,76800100,31730,52884,77100000,77100000
0,257,77100000,77100100,31730,52884,77400000,77400000
0,258,77400000,77400100,31730,52884,77700000,77700000
0,259,77700000,77700100,31730,52884,78000000,78000000
0,260,78000000,78000100,31730,52884,78300000,78300000
0,261,78300000,78300100,31730,52884,78600000,78600000
0,262,78600000,78600100,31730,52884,78900000,78900000
0,263,78900000,78900100,31730,52884,79200000,79200000
0,264,79200000,79200100,31730,52884,79500000,79500000
0,265,79500000,79500100,31730,52884,79800000,79800000
0,266,79800000,79800100,31730,52884,80100000,80100000
0,267,80100000,80100100,31730,52884,80400000,80400000
0,268,80400000,80400100,31730,52884,80700000,80700000
0,269,80700000,80700100,31730,52884,81000000,81000000
0,270,81000000,81000100,31730,52884,81300000,81300000
0,271,81300000,81300100,31730,52884,81600000,81600000
0,272,81600000,81600100,31730,52884,81900000,81900000
0,273,81900000,81900100,31730,52884,82200000,82200000
0,274,82200000,82200100,31730,52884,82500000,82500000
0,275,82500000,82500100,31730,52884,82800000,82800000
0,276,82800000,82800100,31730,52884,83100000,83100000
0,277,83100000,83100100,31730,52884,83400000,83400000
0,278,83400000,83400100,31730,52884,83700000,83700000
0,279,83700000,83700100,31730,52884,84000000,84000000
1,0,0,100,89097,148496,300000,300000
1,1,300000,300100,89097,148496,600000,600000
1,2,600000,600100,89097,148496,900000,900000
1,3,900000,900100,89097,148496,1200000,1200000
1,4,1200000,1200100,89097,148496,1500000,1500000
1,5,1500000,1500100,89097,148496,1800000,1800000
1,6,1800000,1800100,89097,148496,2100000,2100000
1,7,2100000,2100100,89097,148496,2400000,2400000
1,8,2400000,2400100,89097,148496,2700000,2700000
1,9,2700000,2700100,89097,148496,3000000,3000000
1,10,3000000,3000100,89097,148496,3300000,3300000
1,11,3300000,3300100,89097,148496,3600000,3600000
1,12,3600000,3600100,89097,148496,3900000,3900000
1,13,3900000,3900100,89097,148496,4200000,4200000
1,14,4200000,4200100,89097,148496,4500000,4500000
1,15,4500000,4500100,89097,148496,4800000,4800000
1,16,4800000,4800100,89097,148496,5100000,5100000
1,17,5100000,5100100,89097,148496,5400000,5400000
1,18,5400000,5400100,89097,148496,5700000,5700000
1,19,5700000,5700100,89097,148496,6000000,6000000
1,20,6000000,6000100,89097,148496,6300000,6300000
1,21,6300000,6300100,89097,148496,6600000,6600000
1,22,6600000,6600100,89097,148496,6900000,6900000
1,23,6900000,6900100,89097,148496,7200000,7200000
1,24,7200000,7200100,89097,148496,7500000,7500000
1,25,7500000,7500100,89097,148496,7800000,7800000
1,26,7800000,7800100,89097,148496,8100000,8100000
1,27,8100000,8100100,89097,148496,8400000,8400000
1,28,8400000,8400100,89097,148496,8700000,8700000
1,29,8700000,8700100,89097,148496,9000000,9000000
1,30,9000000,9000100,89097,148496,9300000,9300000
1,31,9300000,9300100,89097,148496,9600000,9600000
1,32,9600000,9600100,89097,148496,9900000,9900000
1,33,9900000,9900100,89097,148496,10200000,10200000
1,34,10200000,10200100,89097,148496,10500000,10500000
1,35,10500000,10500100,89097,148496,10800000,10800000
1,36,10800000,10800100,89097,148496,11100000,11100000
1,37,11100000,11100100,89097,148496,11400000,11400000
1,38,11400000,11400100,89097,148496,11700000,11700000
1,39,11700000,11700100,89097,148496,12000000,12000000
1,40,12000000,12000100,89097,148496,12300000,12300000
1,41,12300000,12300100,89097,148496,12600000,12600000
1,42,12600000,12600100,89097,148496,12900000,12900000
1,43,12900000,12900100,89097,148496,13200000,13200000
1,44,13200000,13200100,89097,148496,13500000,13500000
1,45,13500000,13500100,89097,148496,13800000,13800000
1,46,13800000,13800100,89097,148496,14100000,14100000
1,47,14100000,14100100,89097,148496,14400000,14400000
1,48,14400000,14400100,89097,148496,14700000,14700000
1,49,14700000,14700100,89097,148496,15000000,15000000
1,50,15000000,15000100,89097,148496,15300000,15300000
1,51,15300000,15300100,89097,148496,15600000,15600000
1,52,15600000,15600100,89097,148496,15900000,15900000
1,53,15900000,15900100,89097,148496,16200000,16200000
1,54,16200000,16200100,89097,148496,16500000,16500000
1,55,16500000,16500100,89097,148496,16800000,16800000
1,56,16800000,16800100,89097,148496,17100000,17100000
1,57,17100000,17100100,89097,148496,17400000,17400000
1,58,17400000,17400100,89097,148496,17700000,17700000
1,59,17700000,17700100,89097,148496,18000000,18000000
1,60,18000000,18000100,89097,148496,18300000,18300000
1,61,18300000,18300100,89097,148496,18600000,18600000
1,62,18600000,18600100,89097,148496,18900000,18900000
1,63,18900000,18900100,89097,148496,19200000,19200000
1,64,19200000,19200100,89097,148496,19500000,19500000
1,65,19500000,19500100,89097,148496,19800000,19800000
1,66,19800000,19800100,89097,148496,20100000,20100000
1,67,20100000,20100100,89097,148496,20400000,20400000
1,68,20400000,20400100,89097,148496,20700000,20700000
1,69,20700000,20700100,89097,148496,21000000,21000000
1,70,21000000,21000100,89097,148496,21300000,21300000
1,71,21300000,21300100,89097,148496,21600000,21600000
1,72,21600000,21600100,89097,148496,21900000,21900000
1,73,21900000,21900100,89097,148496,22200000,22200000
1,74,22200000,22200100,89097,148496,22500000,22500000
1,75,22500000,22500100,89097,148496,22800000,22800000
1,76,22800000,22800100,89097,148496,23100000,23100000
1,77,23100000,23100100,89097,148496,23400000,23400000
1,78,23400000,23400100,89097,148496,23700000,23700000
1,79,23700000,23700100,89097,148496,24000000,24000000
1,80,24000000,24000100,89097,148496,24300000,24300000
1,81,24300000,24300100,89097,148496,24600000,24600000
1,82,24600000,24600100,89097,148496,24900000,24900000
1,83,24900000,24900100,89097,148496,25200000,25200000
1,84,25200000,25200100,89097,148496,25500000,25500000
1,85,25500000,25500100,89097,148496,25800000,25800000
1,86,25800000,25800100,89097,148496,26100000,26100000
1,87,26100000,26100100,89097,148496,26400000,26400000
1,88,26400000,26400100,89097,148496,26700000,26700000
1,89,26700000,26700100,89097,148496,27000000,27000000
1,90,27000000,27000100,89097,148496,27300000,27300000
1,91,27300000,27300100,89097,148496,27600000,27600000
1,92,27600000,27600100,89097,148496,27900000,27900000
1,93,27900000,27900100,89097,148496,28200000,28200000
1,94,28200000,28200100,89097,148496,28500000,28500000
1,95,28500000,28500100,89097,148496,28800000,28800000
1,96,28800000,28800100,89097,148496,29100000,29100000
1,97,29100000,29100100,89097,148496,29400000,29400000
1,98,29400000,29400100,89097,148496,29700000,29700000
1,99,29700000,29700100,89097,148496,30000000,30000000
1,100,30000000,30000100,89097,148496,30300000,30300000
1,101,30300000,30300100,89097,148496,30600000,30600000
1,102,30600000,30600100,89097,148496,30900000,30900000
1,103,30900000,30900100,89097,148496,31200000,31200000
1,104,31200000,31200100,89097,148496,31500000,31500000
1,105,31500000,31500100,89097,148496,31800000,31800000
1,106,31800000,31800100,89097,148496,32100000,32100000
1,107,32100000,32100100,89097,148496,32400000,32400000
1,108,32400000,32400100,89097,148496,32700000,32700000
1,109,32700000,32700100,89097,148496,33000000,33000000
1,110,33000000,33000100,89097,148496,33300000,33300000
1,111,33300000,33300100,89097,148496,33600000,33600000
1,112,33600000,33600100,89097,148496,33900000,33900000
1,113,33900000,33900100,89097,148496,34200000,34200000
1,114,34200000,34200100,89097,148496,34500000,34500000
1,115,34500000,34500100,89097,148496,34800000,34800000
1,116,34800000,34800100,89097,148496,35100000,35100000
1,117,35100000,35100100,89097,148496,35400000,35400000
1,118,35400000,35400100,89097,148496,35700000,35700000
1,119,35700000,35700100,89097,148496,36000000,36000000
1,120,36000000,36000100,89097,148496,36300000,36300000
1,121,36300000,36300100,89097,148496,36600000,36600000
1,122,36600000,36600100,89097,148496,36900000,36900000
1,123,36900000,36900100,89097,148496,37200000,37200000
1,124,37200000,37200100,89097,148496,37500000,37500000
1,125,37500000,37500100,89097,148496,37800000,37800000
1,126,37800000,37800100,89097,148496,38100000,38100000
1,127,38100000,38100100,89097,148496,38400000,38400000
1,128,38400000,38400100,89097,148496,38700000,38700000
1,129,38700000,38700100,89097,148496,39000000,39000000
1,130,39000000,39000100,89097,148496,39300000,39300000
1,131,39300000,39300100,89097,148496,39600000,39600000
1,132,39600000,39600100,89097,148496,39900000,39900000
1,133,39900000,39900100,89097,148496,40200000,40200000
1,134,40200000,40200100,89097,148496,40500000,40500000
1,135,40500000,40500100,89097,148496,40800000,40800000
1,136,40800000,40800100,89097,148496,41100000,41100000
1,137,41100000,41100100,89097,148496,41400000,41400000
1,138,41400000,41400100,89097,148496,41700000,41700000
1,139,41700000,41700100,89097,148496,42000000,42000000
1,140,42000000,42000100,89097,148496,42300000,42300000
1,141,42300000,42300100,89097,148496,42600000,42600000
1,142,42600000,42600100,89097,148496,42900000,42900000
1,143,42900000,42900100,89097,148496,43200000,43200000
1,144,43200000,43200100,89097,148496,43500000,43500000
1,145,43500000,43500100,89097,148496,43800000,43800000
1,146,43800000,43800100,89097,148496,44100000,44100000
1,147,44100000,44100100,89097,148496,44400000,44400000
1,148,44400000,44400100,89097,148496,44700000,44700000
1,149,44700000,44700100,89097,148496,45000000,45000000
1,150,45000000,45000100,89097,148496,45300000,45300000
1,151,45300000,45300100,89097,148496,45600000,45600000
1,152,45600000,45600100,89097,148496,45900000,45900000
1,153,45900000,45900100,89097,148496,46200000,46200000
1,154,46200000,46200100,89097,148496,46500000,46500000
1,155,46500000,46500100,89097,148496,46800000,46800000
1,156,46800000,46800100,89097,148496,47100000,47100000
1,157,47100000,47100100,89097,148496,47400000,47400000
1,158,47400000,47400100,89097,148496,47700000,47700000
1,159,47700000,47700100,89097,148496,48000000,48000000
1,160,48000000,48000100,89097,148496,48300000,48300000
1,161,48300000,48300100,89097,148496,48600000,48600000
1,162,48600000,48600100,89097,148496,48900000,48900000
1,163,48900000,48900100,89097,148496,49200000,49200000
1,164,49200000,49200100,89097,148496,49500000,49500000
1,165,49500000,49500100,89097,148496,49800000,49800000
1,166,49800000,49800100,89097,148496,50100000,50100000
1,167,50100000,50100100,89097,148496,50400000,50400000
1,168,50400000,50400100,89097,148496,50700000,50700000
1,169,50700000,50700100,89097,148496,51000000,51000000
1,170,51000000,51000100,89097,148496,51300000,51300000
1,171,51300000,51300100,89097,148496,51600000,51600000
1,172,51600000,51600100,89097,148496,51900000,51900000
1,173,51900000,51900100,89097,148496,52200000,52200000
1,174,52200000,52200100,89097,148496,52500000,52500000
1,175,52500000,52500100,89097,148496,52800000,52800000
1,176,52800000,52800100,89097,148496,53100000,53100000
1,177,53100000,53100100,89097,148496,53400000,53400000
1,178,53400000,53400100,89097,148496,53700000,53700000
1,179,53700000,53700100,89097,148496,54000000,54000000
1,180,54000000,54000100,89097,148496,54300000,54300000
1,181,54300000,54300100,89097,148496,54600000,54600000
1,182,54600000,54600100,89097,148496,54900000,54900000
1,183,54900000,54900100,89097,148496,55200000,55200000
1,184,55200000,55200100,89097,148496,55500000,55500000
1,185,55500000,55500100,89097,148496,55800000,55800000
1,186,55800000,55800100,89097,148496,56100000,56100000
1,187,56100000,56100100,89097,148496,56400000,56400000
1,188,56400000,56400100,89097,148496,56700000,56700000
1,189,56700000,56700100,89097,148496,57000000,57000000
1,190,57000000,57000100,89097,148496,57300000,57300000
1,191,57300000,57300100,89097,148496,57600000,57600000
1,192,57600000,57600100,89097,148496,57900000,57900000
1,193,57900000,57900100,89097,148496,58200000,58200000
1,194,58200000,58200100,89097,148496,58500000,58500000
1,195,58500000,58500100,89097,148496,58800000,58800000
1,196,58800000,58800100,89097,148496,59100000,59100000
1,197,59100000,59100100,89097,148496,59400000,59400000
1,198,59400000,59400100,89097,148496,59700000,59700000
1,199,59700000,59700100,89097,148496,60000000,60000000
1,200,60000000,60000100,89097,148496,60300000,60300000
1,201,60300000,60300100,89097,148496,60600000,60600000
1,202,60600000,60600100,89097,148496,60900000,60900000
1,203,60900000,60900100,89097,148496,61200000,61200000
1,204,61200000,61200100,89097,148496,61500000,61500000
1,205,61500000,61500100,89097,148496,61800000,61800000
1,206,61800000,61800100,89097,148496,62100000,62100000
1,207,62100000,62100100,89097,148496,62400000,62400000
1,208,62400000,62400100,89097,148496,62700000,62700000
1,209,62700000,62700100,89097,148496,63000000,63000000
1,210,63000000,63000100,89097,148496,63300000,63300000
1,211,63300000,63300100,89097,148496,63600000,63600000
1,212,63600000,63600100,89097,148496,63900000,63900000
1,213,63900000,63900100,89097,148496,64200000,64200000
1,214,64200000,64200100,89097,148496,64500000,64500000
1,215,64500000,64500100,89097,148496,64800000,64800000
1,216,64800000,64800100,89097,148496,65100000,65100000
1,217,65100000,65100100,89097,148496,65400000,65400000
1,218,65400000,65400100,89097,148496,65700000,65700000
1,219,65700000,65700100,89097,148496,66000000,66000000
1,220,66000000,66000100,89097,148496,66300000,66300000
1,221,66300000,66300100,89097,148496,66600000,66600000
1,222,66600000,66600100,89097,148496,66900000,66900000
1,223,66900000,66900100,89097,148496,67200000,67200000
1,224,67200000,67200100,89097,148496,67500000,67500000
1,225,67500000,67500100,89097,148496,67800000,67800000
1,226,67800000,67800100,89097,148496,68100000,68100000
1,227,68100000,68100100,89097,148496,68400000,68400000
1,228,68400000,68400100,89097,148496,68700000,68700000
1,229,68700000,68700100,89097,148496,69000000,69000000
1,230,69000000,69000100,89097,148496,69300000,69300000
1,231,69300000,69300100,89097,148496,69600000,69600000
1,232,69600000,69600100,89097,148496,69900000,69900000
1,233,69900000,69900100,89097,148496,70200000,70200000
1,234,70200000,70200100,89097,148496,70500000,70500000
1,235,70500000,70500100,89097,148496,70800000,70800000
1,236,70800000,70800100,89097,148496,71100000,71100000
1,237,71100000,71100100,89097,148496,71400000,71400000
1,238,71400000,71400100,89097,148496,71700000,71700000
1,239,71700000,71700100,89097,148496,72000000,72000000
1,240,72000000,72000100,89097,148496,72300000,72300000
1,241,72300000,72300100,89097,148496,72600000,72600000
1,242,72600000,72600100,89097,148496,72900000,72900000
1,243,72900000,72900100,89097,148496,73200000,73200000
1,244,73200000,73200100,89097,148496,73500000,73500000
1,245,73500000,73500100,89097,148496,73800000,73800000
1,246,73800000,73800100,89097,148496,74100000,74100000
1,247,74100000,74100100,89097,148496,74400000,74400000
1,248,74400000,74400100,89097,148496,74700000,74700000
1,249,74700000,74700100,89097,148496,75000000,75000000
1,250,75000000,75000100,89097,148496,75300000,75300000
1,251,75300000,75300100,89097,148496,75600000,75600000
1,252,75600000,75600100,89097,148496,75900000,75900000
1,253,75900000,75900100,89097,148496,76200000,76200000
1,254,76200000,76200100,89097,148496,76500000,76500000
1,255,76500000,76500100,89097,148496,76800000,76800000
1,256,76800000,76800100,89097,148496,77100000,77100000
1,257,77100000,77100100,89097,148496,77400000,77400000
1,258,77400000,77400100,89097,148496,77700000,77700000
1,259,77700000,77700100,89097,148496,78000000,78000000
1,260,78000000,78000100,89097,148496,78300000,78300000
1,261,78300000,78300100,89097,148496,78600000,78600000
1,262,78600000,78600100,89097,148496,78900000,78900000
1,263,78900000,78900100,89097,148496,79200000,79200000
1,264,79200000,79200100,89097,148496,79500000,79500000
1,265,79500000,79500100,89097,148496,79800000,79800000
1,266,79800000,79800100,89097,148496,80100000,80100000
1,267,80100000,80100100,89097,148496,80400000,80400000
1,268,80400000,80400100,89097,148496,80700000,80700000
1,269,80700000,80700100,89097,148496,81000000,81000000
1,270,81000000,81000100,89097,148496,81300000,81300000
1,271,81300000,81300100,89097,148496,81600000,81600000
1,272,81600000,81600100,89097,148496,81900000,81900000
1,273,81900000,81900100,89097,148496,82200000,82200000
1,274,82200000,82200100,89097,148496,82500000,82500000
1,275,82500000,82500100,89097,148496,82800000,82800000
1,276,82800000,82800100,89097,148496,83100000,83100000
1,277,83100000,83100100,89097,148496,83400000,83400000
1,278,83400000,83400100,89097,148496,83700000,83700000
1,279,83700000,83700100,89097,148496,84000000,84000000
2,0,0,100,13156,21928,500000,500000
2,1,500000,500100,13156,21928,1000000,1000000
2,2,1000000,1000100,13156,21928,1500000,1500000
2,3,1500000,1500100,13156,21928,2000000,2000000
2,4,2000000,2000100,13156,21928,2500000,2500000
2,5,2500000,2500100,13156,21928,3000000,3000000
2,6,3000000,3000100,13156,21928,3500000,3500000
2,7,3500000,3500100,13156,21928,4000000,4000000
2,8,4000000,4000100,13156,21928,4500000,4500000
2,9,4500000,4500100,13156,21928,5000000,5000000
2,10,5000000,5000100,13156,21928,5500000,5500000
2,11,5500000,5500100,13156,21928,6000000,6000000
2,12,6000000,6000100,13156,21928,6500000,6500000
2,13,6500000,6500100,13156,21928,7000000,7000000
2,14,7000000,7000100,13156,21928,7500000,7500000
2,15,7500000,7500100,13156,21928,8000000,8000000
2,16,8000000,8000100,13156,21928,8500000,8500000
2,17,8500000,8500100,13156,21928,9000000,9000000
2,18,9000000,9000100,13156,21928,9500000,9500000
2,19,9500000,9500100,13156,21928,10000000,10000000
2,20,10000000,10000100,13156,21928,10500000,10500000
2,21,10500000,10500100,13156,21928,11000000,11000000
2,22,11000000,11000100,13156,21928,11500000,11500000
2,23,11500000,11500100,13156,21928,12000000,12000000
2,24,12000000,12000100,13156,21928,12500000,12500000
2,25,12500000,12500100,13156,21928,13000000,13000000
2,26,13000000,13000100,13156,21928,13500000,13500000
2,27,13500000,13500100,13156,21928,14000000,14000000
2,28,14000000,14000100,13156,21928,14500000,14500000
2,29,14500000,14500100,13156,21928,15000000,15000000
2,30,15000000,15000100,13156,21928,15500000,15500000
2,31,15500000,15500100,13156,21928,16000000,16000000
2,32,16000000,16000100,13156,21928,16500000,16500000
2,33,16500000,16500100,13156,21928,17000000,17000000
2,34,17000000,17000100,13156,21928,17500000,17500000
2,35,17500000,17500100,13156,21928,18000000,18000000
2,36,18000000,18000100,13156,21928,18500000,18500000
2,37,18500000,18500100,13156,21928,19000000,19000000
2,38,19000000,19000100,13156,21928,19500000,19500000
2,39,19500000,19500100,13156,21928,20000000,20000000
2,40,20000000,20000100,13156,21928,20500000,20500000
2,41,20500000,20500100,13156,21928,21000000,21000000
2,42,21000000,21000100,13156,21928,21500000,21500000
2,43,21500000,21500100,13156,21928,22000000,22000000
2,44,22000000,22000100,13156,21928,22500000,22500000
2,45,22500000,22500100,13156,21928,23000000,23000000
2,46,23000000,23000100,13156,21928,23500000,23500000
2,47,23500000,23500100,13156,21928,24000000,24000000
2,48,24000000,24000100,13156,21928,24500000,24500000
2,49,24500000,24500100,13156,21928,25000000,25000000
2,50,25000000,25000100,13156,21928,25500000,25500000
2,51,25500000,25500100,13156,21928,26000000,26000000
2,52,26000000,26000100,13156,21928,26500000,26500000
2,53,26500000,26500100,13156,21928,27000000,27000000
2,54,27000000,27000100,13156,21928,27500000,27500000
2,55,27500000,27500100,13156,21928,28000000,28000000
2,56,28000000,28000100,13156,21928,28500000,28500000
2,57,28500000,28500100,13156,21928,29000000,29000000
2,58,29000000,29000100,13156,21928,29500000,29500000
2,59,29500000,29500100,13156,21928,30000000,30000000
2,60,30000000,30000100,13156,21928,30500000,30500000
2,61,30500000,30500100,13156,21928,31000000,31000000
2,62,31000000,31000100,13156,21928,31500000,31500000
2,63,31500000,31500100,13156,21928,32000000,32000000
2,64,32000000,32000100,13156,21928,32500000,32500000
2,65,32500000,32500100,13156,21928,33000000,33000000
2,66,33000000,33000100,13156,21928,33500000,33500000
2,67,33500000,33500100,13156,21928,34000000,34000000
2,68,34000000,34000100,13156,21928,34500000,34500000
2,69,34500000,34500100,13156,21928,35000000,35000000
2,70,35000000,35000100,13156,21928,35500000,35500000
2,71,35500000,35500100,13156,21928,36000000,36000000
2,72,36000000,36000100,13156,21928,36500000,36500000
2,73,36500000,36500100,13156,21928,37000000,37000000
2,74,37000000,37000100,13156,21928,37500000,37500000
2,75,37500000,37500100,13156,21928,38000000,38000000
2,76,38000000,38000100,13156,21928,38500000,38500000
2,77,38500000,38500100,13156,21928,39000000,39000000
2,78,39000000,39000100,13156,21928,39500000,39500000
2,79,39500000,39500100,13156,21928,40000000,40000000
2,80,40000000,40000100,13156,21928,40500000,40500000
2,81,40500000,40500100,13156,21928,41000000,41000000
2,82,41000000,41000100,13156,21928,41500000,41500000
2,83,41500000,41500100,13156,21928,42000000,42000000
2,84,42000000,42000100,13156,21928,42500000,42500000
2,85,42500000,42500100,13156,21928,43000000,43000000
2,86,43000000,43000100,13156,21928,43500000,43500000
2,87,43500000,43500100,13156,21928,44000000,44000000
2,88,44000000,44000100,13156,21928,44500000,44500000
2,89,44500000,44500100,13156,21928,45000000,45000000
2,90,45000000,45000100,13156,21928,45500000,45500000
2,91,45500000,45500100,13156,21928,46000000,46000000
2,92,46000000,46000100,13156,21928,46500000,46500000
2,93,46500000,46500100,13156,21928,47000000,47000000
2,94,47000000,47000100,13156,21928,47500000,47500000
2,95,47500000,47500100,13156,21928,48000000,48000000
2,96,48000000,48000100,13156,21928,48500000,48500000
2,97,48500000,48500100,13156,21928,49000000,49000000
2,98,49000000,49000100,13156,21928,49500000,49500000
2,99,49500000,49500100,13156,21928,50000000,50000000
2,100,50000000,50000100,13156,21928,50500000,50500000
2,101,50500000,50500100,13156,21928,51000000,51000000
2,102,51000000,51000100,13156,21928,51500000,51500000
2,103,51500000,51500100,13156,21928,52000000,52000000
2,104,52000000,52000100,13156,21928,52500000,52500000
2,105,52500000,52500100,13156,21928,53000000,53000000
2,106,53000000,53000100,13156,21928,53500000,53500000
2,107,53500000,53500100,13156,21928,54000000,54000000
2,108,54000000,54000100,13156,21928,54500000,54500000
2,109,54500000,54500100,13156,21928,55000000,55000000
2,110,55000000,55000100,13156,21928,55500000,55500000
2,111,55500000,55500100,13156,21928,56000000,56000000
2,112,56000000,56000100,13156,21928,56500000,56500000
2,113,56500000,56500100,13156,21928,57000000,57000000
2,114,57000000,57000100,13156,21928,57500000,57500000
2,115,57500000,57500100,13156,21928,58000000,58000000
2,116,58000000,58000100,13156,21928,58500000,58500000
2,117,58500000,58500100,13156,21928,59000000,59000000
2,118,59000000,59000100,13156,21928,59500000,59500000
2,119,59500000,59500100,13156,21928,60000000,60000000
2,120,60000000,60000100,13156,21928,60500000,60500000
2,121,60500000,60500100,13156,21928,61000000,61000000
2,122,61000000,61000100,13156,21928,61500000,61500000
2,123,61500000,61500100,13156,21928,62000000,62000000
2,124,62000000,62000100,13156,21928,62500000,62500000
2,125,62500000,62500100,13156,21928,63000000,63000000
2,126,63000000,63000100,13156,21928,63500000,63500000
2,127,63500000,63500100,13156,21928,64000000,64000000
2,128,64000000,64000100,13156,21928,64500000,64500000
2,129,64500000,64500100,13156,21928,65000000,65000000
2,130,65000000,65000100,13156,21928,65500000,65500000
2,131,65500000,65500100,13156,21928,66000000,66000000
2,132,66000000,66000100,13156,21928,66500000,66500000
2,133,66500000,66500100,13156,21928,67000000,67000000
2,134,67000000,67000100,13156,21928,67500000,67500000
2,135,67500000,67500100,13156,21928,68000000,68000000
2,136,68000000,68000100,13156,21928,68500000,68500000
2,137,68500000,68500100,13156,21928,69000000,69000000
2,138,69000000,69000100,13156,21928,69500000,69500000
2,139,69500000,69500100,13156,21928,70000000,70000000
2,140,70000000,70000100,13156,21928,70500000,70500000
2,141,70500000,70500100,13156,21928,71000000,71000000
2,142,71000000,71000100,13156,21928,71500000,71500000
2,143,71500000,71500100,13156,21928,72000000,72000000
2,144,72000000,72000100,13156,21928,72500000,72500000
2,145,72500000,72500100,13156,21928,73000000,73000000
2,146,73000000,73000100,13156,21928,73500000,73500000
2,147,73500000,73500100,13156,21928,74000000,74000000
2,148,74000000,74000100,13156,21928,74500000,74500000
2,149,74500000,74500100,13156,21928,75000000,75000000
2,150,75000000,75000100,13156,21928,75500000,75500000
2,151,75500000,75500100,13156,21928,76000000,76000000
2,152,76000000,76000100,13156,21928,76500000,76500000
2,153,76500000,76500100,13156,21928,77000000,77000000
2,154,77000000,77000100,13156,21928,77500000,77500000
2,155,77500000,77500100,13156,21928,78000000,78000000
2,156,78000000,78000100,13156,21928,78500000,78500000
2,157,78500000,78500100,13156,21928,79000000,79000000
2,158,79000000,79000100,13156,21928,79500000,79500000
2,159,79500000,79500100,13156,21928,80000000,80000000
2,160,80000000,80000100,13156,21928,80500000,80500000
2,161,80500000,80500100,13156,21928,81000000,81000000
2,162,81000000,81000100,13156,21928,81500000,81500000
2,163,81500000,81500100,13156,21928,82000000,82000000
2,164,82000000,82000100,13156,21928,82500000,82500000
2,165,82500000,82500100,13156,21928,83000000,83000000
2,166,83000000,83000100,13156,21928,83500000,83500000
2,167,83500000,83500100,13156,21928,84000000,84000000
3,0,0,100,30003,50006,500000,500000
3,1,500000,500100,30003,50006,1000000,1000000
3,2,1000000,1000100,30003,50006,1500000,1500000
3,3,1500000,1500100,30003,50006,2000000,2000000
3,4,2000000,2000100,30003,50006,2500000,2500000
3,5,2500000,2500100,30003,50006,3000000,3000000
3,6,3000000,3000100,30003,50006,3500000,3500000
3,7,3500000,3500100,30003,50006,4000000,4000000
3,8,4000000,4000100,30003,50006,4500000,4500000
3,9,4500000,4500100,30003,50006,5000000,5000000
3,10,5000000,5000100,30003,50006,5500000,5500000
3,11,5500000,5500100,30003,50006,6000000,6000000
3,12,6000000,6000100,30003,50006,6500000,6500000
3,13,6500000,6500100,30003,50006,7000000,7000000
3,14,7000000,7000100,30003,50006,7500000,7500000
3,15,7500000,7500100,30003,50006,8000000,8000000
3,16,8000000,8000100,30003,50006,8500000,8500000
3,17,8500000,8500100,30003,50006,9000000,9000000
3,18,9000000,9000100,30003,50006,9500000,9500000
3,19,9500000,9500100,30003,50006,10000000,10000000
3,20,10000000,10000100,30003,50006,10500000,10500000
3,21,10500000,10500100,30003,50006,11000000,11000000
3,22,11000000,11000100,30003,50006,11500000,11500000
3,23,11500000,11500100,30003,50006,12000000,12000000
3,24,12000000,12000100,30003,50006,12500000,12500000
3,25,12500000,12500100,30003,50006,13000000,13000000
3,26,13000000,13000100,30003,50006,13500000,13500000
3,27,13500000,13500100,30003,50006,14000000,14000000
3,28,14000000,14000100,30003,50006,14500000,14500000
3,29,14500000,14500100,30003,50006,15000000,15000000
3,30,15000000,15000100,30003,50006,15500000,15500000
3,31,15500000,15500100,30003,50006,16000000,16000000
3,32,16000000,16000100,30003,50006,16500000,16500000
3,33,16500000,16500100,30003,50006,17000000,17000000
3,34,17000000,17000100,30003,50006,17500000,17500000
3,35,17500000,17500100,30003,50006,18000000,18000000
3,36,18000000,18000100,30003,50006,18500000,18500000
3,37,18500000,18500100,30003,50006,19000000,19000000
3,38,19000000,19000100,30003,50006,19500000,19500000
3,39,19500000,19500100,30003,50006,20000000,20000000
3,40,20000000,20000100,30003,50006,20500000,20500000
3,41,20500000,20500100,30003,50006,21000000,21000000
3,42,21000000,21000100,30003,50006,21500000,21500000
3,43,21500000,21500100,30003,50006,22000000,22000000
3,44,22000000,22000100,30003,50006,22500000,22500000
3,45,22500000,22500100,30003,50006,23000000,23000000
3,46,23000000,23000100,30003,50006,23500000,23500000
3,47,23500000,23500100,30003,50006,24000000,24000000
3,48,24000000,24000100,30003,50006,24500000,24500000
3,49,24500000,24500100,30003,50006,25000000,25000000
3,50,25000000,25000100,30003,50006,25500000,25500000
3,51,25500000,25500100,30003,50006,26000000,26000000
3,52,26000000,26000100,30003,50006,26500000,26500000
3,53,26500000,26500100,30003,50006,27000000,27000000
3,54,27000000,27000100,30003,50006,27500000,27500000
3,55,27500000,27500100,30003,50006,28000000,28000000
3,56,28000000,28000100,30003,50006,28500000,28500000
3,57,28500000,28500100,30003,50006,29000000,29000000
3,58,29000000,29000100,30003,50006,29500000,29500000
3,59,29500000,29500100,30003,50006,30000000,30000000
3,60,30000000,30000100,30003,50006,30500000,30500000
3,61,30500000,30500100,30003,50006,31000000,31000000
3,62,31000000,31000100,30003,50006,31500000,31500000
3,63,31500000,31500100,30003,50006,32000000,32000000
3,64,32000000,32000100,30003,50006,32500000,32500000
3,65,32500000,32500100,30003,50006,33000000,33000000
3,66,33000000,33000100,30003,50006,33500000,33500000
3,67,33500000,33500100,30003,50006,34000000,34000000
3,68,34000000,34000100,30003,50006,34500000,34500000
3,69,34500000,34500100,30003,50006,35000000,35000000
3,70,35000000,35000100,30003,50006,35500000,35500000
3,71,35500000,35500100,30003,50006,36000000,36000000
3,72,36000000,36000100,30003,50006,36500000,36500000
3,73,36500000,36500100,30003,50006,37000000,37000000
3,74,37000000,37000100,30003,50006,37500000,37500000
3,75,37500000,37500100,30003,50006,38000000,38000000
3,76,38000000,38000100,30003,50006,38500000,38500000
3,77,38500000,38500100,30003,50006,39000000,39000000
3,78,39000000,39000100,30003,50006,39500000,39500000
3,79,39500000,39500100,30003,50006,40000000,40000000
3,80,40000000,40000100,30003,50006,40500000,40500000
3,81,40500000,40500100,30003,50006,41000000,41000000
3,82,41000000,41000100,30003,50006,41500000,41500000
3,83,41500000,41500100,30003,50006,42000000,42000000
3,84,42000000,42000100,30003,50006,42500000,42500000
3,85,42500000,42500100,30003,50006,43000000,43000000
3,86,43000000,43000100,30003,50006,43500000,43500000
3,87,43500000,43500100,30003,50006,44000000,44000000
3,88,44000000,44000100,30003,50006,44500000,44500000
3,89,44500000,44500100,30003,50006,45000000,45000000
3,90,45000000,45000100,30003,50006,45500000,45500000
3,91,45500000,45500100,30003,50006,46000000,46000000
3,92,46000000,46000100,30003,50006,46500000,46500000
3,93,46500000,46500100,30003,50006,47000000,47000000
3,94,47000000,47000100,30003,50006,47500000,47500000
3,95,47500000,47500100,30003,50006,48000000,48000000
3,96,48000000,48000100,30003,50006,48500000,48500000
3,97,48500000,48500100,30003,50006,49000000,49000000
3,98,49000000,49000100,30003,50006,49500000,49500000
3,99,49500000,49500100,30003,50006,50000000,50000000
3,100,50000000,50000100,30003,50006,50500000,50500000
3,101,50500000,50500100,30003,50006,51000000,51000000
3,102,51000000,51000100,30003,50006,51500000,51500000
3,103,51500000,51500100,30003,50006,52000000,52000000
3,104,52000000,52000100,30003,50006,52500000,52500000
3,105,52500000,52500100,30003,50006,53000000,53000000
3,106,53000000,53000100,30003,50006,53500000,53500000
3,107,53500000,53500100,30003,50006,54000000,54000000
3,108,54000000,54000100,30003,50006,54500000,54500000
3,109,54500000,54500100,30003,50006,55000000,55000000
3,110,55000000,55000100,30003,50006,55500000,55500000
3,111,55500000,55500100,30003,50006,56000000,56000000
3,112,56000000,56000100,30003,50006,56500000,56500000
3,113,56500000,56500100,30003,50006,57000000,57000000
3,114,57000000,57000100,30003,50006,57500000,57500000
3,115,57500000,57500100,30003,50006,58000000,58000000
3,116,58000000,58000100,30003,50006,58500000,58500000
3,117,58500000,58500100,30003,50006,59000000,59000000
3,118,59000000,59000100,30003,50006,59500000,59500000
3,119,59500000,59500100,30003,50006,60000000,60000000
3,120,60000000,60000100,30003,50006,60500000,60500000
3,121,60500000,60500100,30003,50006,61000000,61000000
3,122,61000000,61000100,30003,50006,61500000,61500000
3,123,61500000,61500100,30003,50006,62000000,62000000
3,124,62000000,62000100,30003,50006,62500000,62500000
3,125,62500000,62500100,30003,50006,63000000,63000000
3,126,63000000,63000100,30003,50006,63500000,63500000
3,127,63500000,63500100,30003,50006,64000000,64000000
3,128,64000000,64000100,30003,50006,64500000,64500000
3,129,64500000,64500100,30003,50006,65000000,65000000
3,130,65000000,65000100,30003,50006,65500000,65500000
3,131,65500000,65500100,30003,50006,66000000,66000000
3,132,66000000,66000100,30003,50006,66500000,66500000
3,133,66500000,66500100,30003,50006,67000000,67000000
3,134,67000000,67000100,30003,50006,67500000,67500000
3,135,67500000,67500100,30003,50006,68000000,68000000
3,136,68000000,68000100,30003,50006,68500000,68500000
3,137,68500000,68500100,30003,50006,69000000,69000000
3,138,69000000,69000100,30003,50006,69500000,69500000
3,139,69500000,69500100,30003,50006,70000000,70000000
3,140,70000000,70000100,30003,50006,70500000,70500000
3,141,70500000,70500100,30003,50006,71000000,71000000
3,142,71000000,71000100,30003,50006,71500000,71500000
3,143,71500000,71500100,30003,50006,72000000,72000000
3,144,72000000,72000100,30003,50006,72500000,72500000
3,145,72500000,72500100,30003,50006,73000000,73000000
3,146,73000000,73000100,30003,50006,73500000,73500000
3,147,73500000,73500100,30003,50006,74000000,74000000
3,148,74000000,74000100,30003,50006,74500000,74500000
3,149,74500000,74500100,30003,50006,75000000,75000000
3,150,75000000,75000100,30003,50006,75500000,75500000
3,151,75500000,75500100,30003,50006,76000000,76000000
3,152,76000000,76000100,30003,50006,76500000,76500000
3,153,76500000,76500100,30003,50006,77000000,77000000
3,154,77000000,77000100,30003,50006,77500000,77500000
3,155,77500000,77500100,30003,50006,78000000,78000000
3,156,78000000,78000100,30003,50006,78500000,78500000
3,157,78500000,78500100,30003,50006,79000000,79000000
3,158,79000000,79000100,30003,50006,79500000,79500000
3,159,79500000,79500100,30003,50006,80000000,80000000
3,160,80000000,80000100,30003,50006,80500000,80500000
3,161,80500000,80500100,30003,50006,81000000,81000000
3,162,81000000,81000100,30003,50006,81500000,81500000
3,163,81500000,81500100,30003,50006,82000000,82000000
3,164,82000000,82000100,30003,50006,82500000,82500000
3,165,82500000,82500100,30003,50006,83000000,83000000
3,166,83000000,83000100,30003,50006,83500000,83500000
3,167,83500000,83500100,30003,50006,84000000,84000000
4,0,0,100,375714,626191,700000,700000
4,1,700000,700100,375714,626191,1400000,1400000
4,2,1400000,1400100,375714,626191,2100000,2100000
4,3,2100000,2100100,375714,626191,2800000,2800000
4,4,2800000,2800100,375714,626191,3500000,3500000
4,5,3500000,3500100,375714,626191,4200000,4200000
4,6,4200000,4200100,375714,626191,4900000,4900000
4,7,4900000,4900100,375714,626191,5600000,5600000
4,8,5600000,5600100,375714,626191,6300000,6300000
4,9,6300000,6300100,375714,626191,7000000,7000000
4,10,7000000,7000100,375714,626191,7700000,7700000
4,11,7700000,7700100,375714,626191,8400000,8400000
4,12,8400000,8400100,375714,626191,9100000,9100000
4,13,9100000,9100100,375714,626191,9800000,9800000
4,14,9800000,9800100,375714,626191,10500000,10500000
4,15,10500000,10500100,375714,626191,11200000,11200000
4,16,11200000,11200100,375714,626191,11900000,11900000
4,17,11900000,11900100,375714,626191,12600000,12600000
4,18,12600000,12600100,375714,626191,13300000,13300000
4,19,13300000,13300100,375714,626191,14000000,14000000
4,20,14000000,14000100,375714,626191,14700000,14700000
4,21,14700000,14700100,375714,626191,15400000,15400000
4,22,15400000,15400100,375714,626191,16100000,16100000
4,23,16100000,16100100,375714,626191,16800000,16800000
4,24,16800000,16800100,375714,626191,17500000,17500000
4,25,17500000,17500100,375714,626191,18200000,18200000
4,26,18200000,18200100,375714,626191,18900000,18900000
4,27,18900000,18900100,375714,626191,19600000,19600000
4,28,19600000,19600100,375714,626191,20300000,20300000
4,29,20300000,20300100,375714,626191,21000000,21000000
4,30,21000000,21000100,375714,626191,21700000,21700000
4,31,21700000,21700100,375714,626191,22400000,22400000
4,32,22400000,22400100,375714,626191,23100000,23100000
4,33,23100000,23100100,375714,626191,23800000,23800000
4,34,23800000,23800100,375714,626191,24500000,24500000
4,35,24500000,24500100,375714,626191,25200000,25200000
4,36,25200000,25200100,375714,626191,25900000,25900000
4,37,25900000,25900100,375714,626191,26600000,26600000
4,38,26600000,26600100,375714,626191,27300000,27300000
4,39,27300000,27300100,375714,626191,28000000,28000000
4,40,28000000,28000100,375714,626191,28700000,28700000
4,41,28700000,28700100,375714,626191,29400000,29400000
4,42,29400000,29400100,375714,626191,30100000,30100000
4,43,30100000,30100100,375714,626191,30800000,30800000
4,44,30800000,30800100,375714,626191,31500000,31500000
4,45,31500000,31500100,375714,626191,32200000,32200000
4,46,32200000,32200100,375714,626191,32900000,32900000
4,47,32900000,32900100,375714,626191,33600000,33600000
4,48,33600000,33600100,375714,626191,34300000,34300000
4,49,34300000,34300100,375714,626191,35000000,35000000
4,50,35000000,35000100,375714,626191,35700000,35700000
4,51,35700000,35700100,375714,626191,36400000,36400000
4,52,36400000,36400100,375714,626191,37100000,37100000
4,53,37100000,37100100,375714,626191,37800000,37800000
4,54,37800000,37800100,375714,626191,38500000,38500000
4,55,38500000,38500100,375714,626191,39200000,39200000
4,56,39200000,39200100,375714,626191,39900000,39900000
4,57,39900000,39900100,375714,626191,40600000,40600000
4,58,40600000,40600100,375714,626191,41300000,41300000
4,59,41300000,41300100,375714,626191,42000000,42000000
4,60,42000000,42000100,375714,626191,42700000,42700000
4,61,42700000,42700100,375714,626191,43400000,43400000
4,62,43400000,43400100,375714,626191,44100000,44100000
4,63,44100000,44100100,375714,626191,44800000,44800000
4,64,44800000,44800100,375714,626191,45500000,45500000
4,65,45500000,45500100,375714,626191,46200000,46200000
4,66,46200000,46200100,375714,626191,46900000,46900000
4,67,46900000,46900100,375714,626191,47600000,47600000
4,68,47600000,47600100,375714,626191,48300000,48300000
4,69,48300000,48300100,375714,626191,49000000,49000000
4,70,49000000,49000100,375714,626191,49700000,49700000
4,71,49700000,49700100,375714,626191,50400000,50400000
4,72,50400000,50400100,375714,626191,51100000,51100000
4,73,51100000,51100100,375714,626191,51800000,51800000
4,74,51800000,51800100,375714,626191,52500000,52500000
4,75,52500000,52500100,375714,626191,53200000,53200000
4,76,53200000,53200100,375714,626191,53900000,53900000
4,77,53900000,53900100,375714,626191,54600000,54600000
4,78,54600000,54600100,375714,626191,55300000,55300000
4,79,55300000,55300100,375714,626191,56000000,56000000
4,80,56000000,56000100,375714,626191,56700000,56700000
4,81,56700000,56700100,375714,626191,57400000,57400000
4,82,57400000,57400100,375714,626191,58100000,58100000
4,83,58100000,58100100,375714,626191,58800000,58800000
4,84,58800000,58800100,375714,626191,59500000,59500000
4,85,59500000,59500100,375714,626191,60200000,60200000
4,86,60200000,60200100,375714,626191,60900000,60900000
4,87,60900000,60900100,375714,626191,61600000,61600000
4,88,61600000,61600100,375714,626191,62300000,62300000
4,89,62300000,62300100,375714,626191,63000000,63000000
4,90,63000000,63000100,375714,626191,63700000,63700000
4,91,63700000,63700100,375714,626191,64400000,64400000
4,92,64400000,64400100,375714,626191,65100000,65100000
4,93,65100000,65100100,375714,626191,65800000,65800000
4,94,65800000,65800100,375714,626191,66500000,66500000
4,95,66500000,66500100,375714,626191,67200000,67200000
4,96,67200000,67200100,375714,626191,67900000,67900000
4,97,67900000,67900100,375714,626191,68600000,68600000
4,98,68600000,68600100,375714,626191,69300000,69300000
4,99,69300000,69300100,375714,626191,70000000,70000000
4,100,70000000,70000100,375714,626191,70700000,70700000
4,101,70700000,70700100,375714,626191,71400000,71400000
4,102,71400000,71400100,375714,626191,72100000,72100000
4,103,72100000,72100100,375714,626191,72800000,72800000
4,104,72800000,72800100,375714,626191,73500000,73500000
4,105,73500000,73500100,375714,626191,74200000,74200000
4,106,74200000,74200100,375714,626191,74900000,74900000
4,107,74900000,74900100,375714,626191,75600000,75600000
4,108,75600000,75600100,375714,626191,76300000,76300000
4,109,76300000,76300100,375714,626191,77000000,77000000
4,110,77000000,77000100,375714,626191,77700000,77700000
4,111,77700000,77700100,375714,626191,78400000,78400000
4,112,78400000,78400100,375714,626191,79100000,79100000
4,113,79100000,79100100,375714,626191,79800000,79800000
4,114,79800000,79800100,375714,626191,80500000,80500000
4,115,80500000,80500100,375714,626191,81200000,81200000
4,116,81200000,81200100,375714,626191,81900000,81900000
4,117,81900000,81900100,375714,626191,82600000,82600000
4,118,82600000,82600100,375714,626191,83300000,83300000
4,119,83300000,83300100,375714,626191,84000000,84000000
5,0,0,100,139345,232242,800000,800000
5,1,800000,800100,139345,232242,1600000,1600000
5,2,1600000,1600100,139345,232242,2400000,2400000
5,3,2400000,2400100,139345,232242,3200000,3200000
5,4,3200000,3200100,139345,232242,4000000,4000000
5,5,4000000,4000100,139345,232242,4800000,4800000
5,6,4800000,4800100,139345,232242,5600000,5600000
5,7,5600000,5600100,139345,232242,6400000,6400000
5,8,6400000,6400100,139345,232242,7200000,7200000
5,9,7200000,7200100,139345,232242,8000000,8000000
5,10,8000000,8000100,139345,232242,8800000,8800000
5,11,8800000,8800100,139345,232242,9600000,9600000
5,12,9600000,9600100,139345,232242,10400000,10400000
5,13,10400000,10400100,139345,232242,11200000,11200000
5,14,11200000,11200100,139345,232242,12000000,12000000
5,15,12000000,12000100,139345,232242,12800000,12800000
5,16,12800000,12800100,139345,232242,13600000,13600000
5,17,13600000,13600100,139345,232242,14400000,14400000
5,18,14400000,14400100,139345,232242,15200000,15200000
5,19,15200000,15200100,139345,232242,16000000,16000000
5,20,16000000,16000100,139345,232242,16800000,16800000
5,21,16800000,16800100,139345,232242,17600000,17600000
5,22,17600000,17600100,139345,232242,18400000,18400000
5,23,18400000,18400100,139345,232242,19200000,19200000
5,24,19200000,19200100,139345,232242,20000000,20000000
5,25,20000000,20000100,139345,232242,20800000,20800000
5,26,20800000,20800100,139345,232242,21600000,21600000
5,27,21600000,21600100,139345,232242,22400000,22400000
5,28,22400000,22400100,139345,232242,23200000,23200000
5,29,23200000,23200100,139345,232242,24000000,24000000
5,30,24000000,24000100,139345,232242,24800000,24800000
5,31,24800000,24800100,139345,232242,25600000,25600000
5,32,25600000,25600100,139345,232242,26400000,26400000
5,33,26400000,26400100,139345,232242,27200000,27200000
5,34,27200000,27200100,139345,232242,28000000,28000000
5,35,28000000,28000100,139345,232242,28800000,28800000
5,36,28800000,28800100,139345,232242,29600000,29600000
5,37,29600000,29600100,139345,232242,30400000,30400000
5,38,30400000,30400100,139345,232242,31200000,31200000
5,39,31200000,31200100,139345,232242,32000000,32000000
5,40,32000000,32000100,139345,232242,32800000,32800000
5,41,32800000,32800100,139345,232242,33600000,33600000
5,42,33600000,33600100,139345,232242,34400000,34400000
5,43,34400000,34400100,139345,232242,35200000,35200000
5,44,35200000,35200100,139345,232242,36000000,36000000
5,45,36000000,36000100,139345,232242,36800000,36800000
5,46,36800000,36800100,139345,232242,37600000,37600000
5,47,37600000,37600100,139345,232242,38400000,38400000
5,48,38400000,38400100,139345,232242,39200000,39200000
5,49,39200000,39200100,139345,232242,40000000,40000000
5,50,40000000,40000100,139345,232242,40800000,40800000
5,51,40800000,40800100,139345,232242,41600000,41600000
5,52,41600000,41600100,139345,232242,42400000,42400000
5,53,42400000,42400100,139345,232242,43200000,43200000
5,54,43200000,43200100,139345,232242,44000000,44000000
5,55,44000000,44000100,139345,232242,44800000,44800000
5,56,44800000,44800100,139345,232242,45600000,45600000
5,57,45600000,45600100,139345,232242,46400000,46400000
5,58,46400000,46400100,139345,232242,47200000,47200000
5,59,47200000,47200100,139345,232242,48000000,48000000
5,60,48000000,48000100,139345,232242,48800000,48800000
5,61,48800000,48800100,139345,232242,49600000,49600000
5,62,49600000,49600100,139345,232242,50400000,50400000
5,63,50400000,50400100,139345,232242,51200000,51200000
5,64,51200000,51200100,139345,232242,52000000,52000000
5,65,52000000,52000100,139345,232242,52800000,52800000
5,66,52800000,52800100,139345,232242,53600000,53600000
5,67,53600000,53600100,139345,232242,54400000,54400000
5,68,54400000,54400100,139345,232242,55200000,55200000
5,69,55200000,55200100,139345,232242,56000000,56000000
5,70,56000000,56000100,139345,232242,56800000,56800000
5,71,56800000,56800100,139345,232242,57600000,57600000
5,72,57600000,57600100,139345,232242,58400000,58400000
5,73,58400000,58400100,139345,232242,59200000,59200000
5,74,59200000,59200100,139345,232242,60000000,60000000
5,75,60000000,60000100,139345,232242,60800000,60800000
5,76,60800000,60800100,139345,232242,61600000,61600000
5,77,61600000,61600100,139345,232242,62400000,62400000
5,78,62400000,62400100,139345,232242,63200000,63200000
5,79,63200000,63200100,139345,232242,64000000,64000000
5,80,64000000,64000100,139345,232242,64800000,64800000
5,81,64800000,64800100,139345,232242,65600000,65600000
5,82,65600000,65600100,139345,232242,66400000,66400000
5,83,66400000,66400100,139345,232242,67200000,67200000
5,84,67200000,67200100,139345,232242,68000000,68000000
5,85,68000000,68000100,139345,232242,68800000,68800000
5,86,68800000,68800100,139345,232242,69600000,69600000
5,87,69600000,69600100,139345,232242,70400000,70400000
5,88,70400000,70400100,139345,232242,71200000,71200000
5,89,71200000,71200100,139345,232242,72000000,72000000
5,90,72000000,72000100,139345,232242,72800000,72800000
5,91,72800000,72800100,139345,232242,73600000,73600000
5,92,73600000,73600100,139345,232242,74400000,74400000
5,93,74400000,74400100,139345,232242,75200000,75200000
5,94,75200000,75200100,139345,232242,76000000,76000000
5,95,76000000,76000100,139345,232242,76800000,76800000
5,96,76800000,76800100,139345,232242,77600000,77600000
5,97,77600000,77600100,139345,232242,78400000,78400000
5,98,78400000,78400100,139345,232242,79200000,79200000
5,99,79200000,79200100,139345,232242,80000000,80000000
5,100,80000000,80000100,139345,232242,80800000,80800000
5,101,80800000,80800100,139345,232242,81600000,81600000
5,102,81600000,81600100,139345,232242,82400000,82400000
5,103,82400000,82400100,139345,232242,83200000,83200000
5,104,83200000,83200100,139345,232242,84000000,84000000
